{
    "hook_path": "models/hook/Hook_60/base.urdf",
    "obj_path": "models/geo_data/mug/159/base.urdf",
    "hook_pose": [
        0.8,
        -0.2,
        1.0,
        4.329780281177466e-17,
        0.7071067811865475,
        0.7071067811865476,
        4.329780281177467e-17
    ],
    "contact_info": [
        {
            "contact_pose": [
                [
                    0.023254234401382006,
                    -0.027332136312949274,
                    -0.008156999945640571
                ],
                [
                    -0.05442508611808772,
                    -0.9966963414932747,
                    -0.060285262336330414
                ],
                [
                    0.021149402086961977,
                    -0.06151186570117845,
                    0.9978822541609427
                ],
                [
                    -0.9982938509238664,
                    0.05303483036535178,
                    0.024427320272916053
                ]
            ],
            "object_pose": [
                0.8004999813160315,
                -0.18486982629245435,
                0.9480982679753723,
                0.5034627518784243,
                0.5225348530516218,
                0.5070502524548086,
                -0.4651694597701347
            ]
        },
        {
            "contact_pose": [
                [
                    0.010299170787932115,
                    0.04918900132179261,
                    0.0008679741173511432
                ],
                [
                    0.42331267625281754,
                    0.5369041810974021,
                    -0.7297535737793993
                ],
                [
                    0.748158264721517,
                    -0.6614284385216042,
                    -0.05264628803402041
                ],
                [
                    -0.510945778975192,
                    -0.5236853263506631,
                    -0.681680342911862
                ]
            ],
            "object_pose": [
                0.806501152251932,
                -0.14282834932936087,
                0.9560033391585493,
                -0.35168144839877985,
                0.3383452314970684,
                0.8662559039988673,
                -0.1069736975262456
            ]
        },
        {
            "contact_pose": [
                [
                    -0.0008771912141706979,
                    0.0499820001423359,
                    0.026419537350341048
                ],
                [
                    0.6606954752439429,
                    0.7466800509562914,
                    0.0771387742713796
                ],
                [
                    0.7489118486240467,
                    -0.6626696333413287,
                    -6.1467400605530464e-06
                ],
                [
                    0.05111293361463298,
                    0.057774203163517446,
                    -0.9970203656225518
                ]
            ],
            "object_pose": [
                0.7993464174000877,
                -0.14363259449521737,
                0.9533635299274201,
                0.6862624909717389,
                -0.24068837750714686,
                -0.6352162763951247,
                0.2600253461125548
            ]
        },
        {
            "contact_pose": [
                [
                    0.01584599912166577,
                    0.0499820001423359,
                    0.0033539999276400376
                ],
                [
                    0.39878727107994877,
                    0.4702949272114484,
                    -0.787268311227999
                ],
                [
                    0.7649160330957235,
                    -0.6441244265373878,
                    0.002680569152764267
                ],
                [
                    -0.5058380914262082,
                    -0.6032631304638625,
                    -0.6166047524024051
                ]
            ],
            "object_pose": [
                0.7999569171926162,
                -0.1418866972308108,
                0.9559438013083257,
                -0.30593487517928625,
                0.3236854752952365,
                0.8881789620886639,
                -0.11300308197140001
            ]
        }
    ]
}