{
    "hook_path": "models/hook/Hook_60/base.urdf",
    "obj_path": "models/geo_data/mug/45/base.urdf",
    "hook_pose": [
        0.8,
        -0.2,
        1.0,
        4.329780281177466e-17,
        0.7071067811865475,
        0.7071067811865476,
        4.329780281177467e-17
    ],
    "contact_info": [
        {
            "contact_pose": [
                [
                    0.010008738984912008,
                    0.042940563896452344,
                    0.017910284565102463
                ],
                [
                    0.04252365350233556,
                    -0.8437356942908869,
                    0.5350717868401289
                ],
                [
                    -0.07142021299399838,
                    -0.5367532047179854,
                    -0.8407110980597702
                ],
                [
                    0.996539458360132,
                    -0.0024648335537395955,
                    -0.08308449029059006
                ]
            ],
            "object_pose": [
                0.8019998084208785,
                -0.1766445702948708,
                0.9359331549606258,
                0.604397787117969,
                -0.3653366914916054,
                0.31463186175259344,
                0.6342233111034052
            ]
        },
        {
            "contact_pose": [
                [
                    0.01400899980217219,
                    0.042202155769089755,
                    -0.016728000715374974
                ],
                [
                    0.2964110709700041,
                    -0.831711429258109,
                    -0.4694641364873879
                ],
                [
                    -0.11853788884375449,
                    -0.5197913419051984,
                    0.8460293906176422
                ],
                [
                    -0.9476757071461107,
                    -0.1951231901180041,
                    -0.25266122528653334
                ]
            ],
            "object_pose": [
                0.7963083816957461,
                -0.17383109324041598,
                0.9367121492568594,
                0.232849084468274,
                0.5901014394180755,
                0.621701181791067,
                -0.459400953001398
            ]
        },
        {
            "contact_pose": [
                [
                    0.014008999802172245,
                    0.04217297466636866,
                    -0.016728000715374947
                ],
                [
                    0.29526402532752205,
                    -0.8327595392556193,
                    -0.4683275617835842
                ],
                [
                    -0.12109478468132434,
                    -0.5188478036317639,
                    0.8462464237971574
                ],
                [
                    -0.9477105087896682,
                    -0.19315410025485608,
                    -0.2540399281301364
                ]
            ],
            "object_pose": [
                0.7962669991109829,
                -0.17397741303910375,
                0.9367063869601766,
                0.23314349298245238,
                0.5908189752813573,
                0.6205616160698944,
                -0.45986990637369285
            ]
        },
        {
            "contact_pose": [
                [
                    0.009927350544843899,
                    0.0425854663031901,
                    0.018018774096975027
                ],
                [
                    0.04780579624356124,
                    -0.8369810688180297,
                    0.5451397034575156
                ],
                [
                    -0.07218585089203904,
                    -0.5472316038055509,
                    -0.8338625634523937
                ],
                [
                    0.9962448538268651,
                    0.0005120904544241717,
                    -0.08657903318272314
                ]
            ],
            "object_pose": [
                0.8012613266917656,
                -0.17642686801291382,
                0.9359315397117337,
                0.6069320272938109,
                -0.3631660219131698,
                0.30909640696553775,
                0.6357699001791314
            ]
        },
        {
            "contact_pose": [
                [
                    0.014008999802172134,
                    0.04245761202476844,
                    -0.01672800071537492
                ],
                [
                    0.28159697984774684,
                    -0.8469876880171009,
                    -0.45090464323188534
                ],
                [
                    -0.1343319363674914,
                    -0.5000920509386632,
                    0.8554898429903897
                ],
                [
                    -0.9500831920481426,
                    -0.18033246223408483,
                    -0.254601907400955
                ]
            ],
            "object_pose": [
                0.7951579018302841,
                -0.17518861135778635,
                0.936661488071196,
                0.24209035408630925,
                0.5926432563872831,
                0.6117403797973612,
                -0.46469338153498885
            ]
        }
    ]
}