{
    "hook_path": "models/hook/Hook_60/base.urdf",
    "obj_path": "models/geo_data/mug/166/base.urdf",
    "hook_pose": [
        0.8,
        -0.2,
        1.0,
        4.329780281177466e-17,
        0.7071067811865475,
        0.7071067811865476,
        4.329780281177467e-17
    ],
    "contact_info": [
        {
            "contact_pose": [
                [
                    0.02045171919472214,
                    0.027775255400595073,
                    -0.016505195498717238
                ],
                [
                    0.08903227850701578,
                    -0.9766984194110675,
                    -0.19527788124560408
                ],
                [
                    -0.19647630065518884,
                    -0.20942584848936507,
                    0.9578819746009223
                ],
                [
                    -0.9764580465461389,
                    -0.04691493903259991,
                    -0.2105437527709298
                ]
            ],
            "object_pose": [
                0.8011538856620003,
                -0.17864811109490625,
                0.9445368454967893,
                -0.37461009031612036,
                -0.5798360205411943,
                -0.5113014080811374,
                0.5118870379395695
            ]
        },
        {
            "contact_pose": [
                [
                    0.01903642630131889,
                    0.027166464976415245,
                    -0.019169213762143564
                ],
                [
                    0.09249433640275334,
                    -0.9737353771977151,
                    -0.20804858309307905
                ],
                [
                    -0.21227422804712714,
                    -0.2234243523109377,
                    0.9513260276589905
                ],
                [
                    -0.9728229283073105,
                    -0.04382891725860372,
                    -0.22736441272003827
                ]
            ],
            "object_pose": [
                0.8015932724506468,
                -0.17737120544901339,
                0.9447250143345189,
                -0.36600828938740926,
                -0.5866203827607771,
                -0.5098046862045689,
                0.5118726800222522
            ]
        },
        {
            "contact_pose": [
                [
                    0.019513153622609115,
                    0.0264300578801477,
                    0.018354717548153588
                ],
                [
                    0.08929009623390172,
                    -0.9693813865884957,
                    0.22875096950681048
                ],
                [
                    -0.22493009121359306,
                    -0.24336069682699285,
                    -0.9434945814929331
                ],
                [
                    0.9702750809853797,
                    0.032791745541304124,
                    -0.2397727437453412
                ]
            ],
            "object_pose": [
                0.7971952866988142,
                -0.17800512737410012,
                0.9447145505268318,
                0.5090708751820618,
                -0.5071910062412598,
                0.3583040586353622,
                0.5960053093679408
            ]
        },
        {
            "contact_pose": [
                [
                    -0.024638000875711462,
                    0.03706207923843115,
                    0.030466592929584282
                ],
                [
                    -0.7506981456505819,
                    0.08896829219504931,
                    0.6546273268820011
                ],
                [
                    0.6264224659311977,
                    0.4106453643599367,
                    0.6625445486202213
                ],
                [
                    -0.2098742201735498,
                    0.907444228431473,
                    -0.3640024505315221
                ]
            ],
            "object_pose": [
                0.769669255640972,
                -0.1643038945453557,
                1.0216016266708663,
                0.8928177335330924,
                0.3957254210997426,
                -0.12683740636906324,
                -0.17375315286299892
            ]
        },
        {
            "contact_pose": [
                [
                    0.017851319520853982,
                    0.03111564677411534,
                    0.021790292760255372
                ],
                [
                    0.16891027832041672,
                    -0.9502510866436942,
                    0.26171012630427143
                ],
                [
                    -0.25569819785259285,
                    -0.29868129071512356,
                    -0.9194606670171835
                ],
                [
                    0.9518864162769924,
                    0.08838754951477189,
                    -0.2934278303060534
                ]
            ],
            "object_pose": [
                0.802374480882301,
                -0.1746910001698684,
                0.9454485721918924,
                0.5230677484720432,
                -0.5201864139573171,
                0.3139283860725101,
                0.5977082847514522
            ]
        }
    ]
}