{
    "hook_path": "models/hook/Hook_60/base.urdf",
    "obj_path": "models/geo_data/mug/80/base.urdf",
    "hook_pose": [
        0.8,
        -0.2,
        1.0,
        4.329780281177466e-17,
        0.7071067811865475,
        0.7071067811865476,
        4.329780281177467e-17
    ],
    "contact_info": [
        {
            "contact_pose": [
                [
                    0.034120000898838175,
                    0.021275000646710437,
                    -0.004511000122874968
                ],
                [
                    -0.005105257937597252,
                    -0.9873390869057144,
                    -0.158541678462103
                ],
                [
                    -0.1441239480169415,
                    -0.15616195487829632,
                    0.9771600336979602
                ],
                [
                    -0.9895464738704295,
                    0.027838306643530042,
                    -0.14150196017660055
                ]
            ],
            "object_pose": [
                0.7891592890263305,
                -0.16350145710441213,
                0.9466748811100095,
                0.4257853567716032,
                0.5767373607463311,
                0.4966335227815455,
                -0.4893219704119437
            ]
        },
        {
            "contact_pose": [
                [
                    0.03734574966728501,
                    0.021966614171076634,
                    -0.0045110001228749405
                ],
                [
                    0.055887789420366485,
                    -0.9237824383143903,
                    -0.3788173196352362
                ],
                [
                    -0.05227210912448976,
                    -0.38159715888323026,
                    0.9228495191199508
                ],
                [
                    -0.9970677918784572,
                    -0.031774439321042514,
                    -0.06961467808193311
                ]
            ],
            "object_pose": [
                0.8030303728533182,
                -0.1802137869588071,
                0.9368380323041389,
                0.3664478584734913,
                0.5914632257035689,
                0.5827348560520018,
                -0.4198896369316276
            ]
        },
        {
            "contact_pose": [
                [
                    0.04087074308254104,
                    0.012265562488625911,
                    -0.004511000122874968
                ],
                [
                    -0.011821374514147664,
                    -0.8201526058972003,
                    -0.5720226902358226
                ],
                [
                    -0.005133513642165355,
                    -0.5720053461040233,
                    0.8202338270676858
                ],
                [
                    -0.9999169476222922,
                    0.012632777542893436,
                    0.0025516248293595556
                ]
            ],
            "object_pose": [
                0.8158661871104806,
                -0.1830836418348443,
                0.9389272945405744,
                0.3299532442880754,
                0.6304341721030201,
                0.6233490994320044,
                -0.3242213926715236
            ]
        }
    ]
}