{
    "hook_path": "models/hook/Hook_60/base.urdf",
    "obj_path": "models/geo_data/mug/199/base.urdf",
    "hook_pose": [
        0.8,
        -0.2,
        1.0,
        4.329780281177466e-17,
        0.7071067811865475,
        0.7071067811865476,
        4.329780281177467e-17
    ],
    "contact_info": [
        {
            "contact_pose": [
                [
                    0.026691000908613143,
                    -0.027419999241829043,
                    -0.007424999959766856
                ],
                [
                    0.08035105079048765,
                    -0.9701472934190838,
                    -0.228818569413609
                ],
                [
                    -0.10407800897129804,
                    -0.23647183499593089,
                    0.9660480522739165
                ],
                [
                    -0.9913180502166976,
                    -0.05380799499408395,
                    -0.11997175913222974
                ]
            ],
            "object_pose": [
                0.8064005672776511,
                -0.17792601830244545,
                0.9488414718367029,
                0.3915659033358909,
                0.5654839925654004,
                0.5428048810199654,
                -0.48194072108293906
            ]
        },
        {
            "contact_pose": [
                [
                    0.015191083251906818,
                    0.022123246989124254,
                    0.012195077549140685
                ],
                [
                    0.05435837089023232,
                    -0.9820669810464318,
                    0.1805259323546271
                ],
                [
                    -0.059275657128761816,
                    -0.18364812000246677,
                    -0.9812032228297628
                ],
                [
                    0.9967605349260741,
                    0.04263581543616857,
                    -0.06819547826637451
                ]
            ],
            "object_pose": [
                0.795586787951679,
                -0.17867990558222277,
                0.9485070882732017,
                0.5394177626529446,
                -0.4799441478469925,
                0.42354533260338334,
                0.5470753545096005
            ]
        },
        {
            "contact_pose": [
                [
                    0.04119175776949951,
                    -0.00026444988733954986,
                    -0.004614999983459758
                ],
                [
                    0.06954901031118654,
                    -0.9789667860467954,
                    -0.1917992882727731
                ],
                [
                    -0.07161686824716001,
                    -0.1966685723255538,
                    0.9778509583990279
                ],
                [
                    -0.9950045021743387,
                    -0.0542725020303674,
                    -0.08378863989921531
                ]
            ],
            "object_pose": [
                0.8041908481032058,
                -0.17785593179853693,
                0.9487124661135878,
                0.4130106964261639,
                0.5498053415731712,
                0.5418613572806195,
                -0.483241679184638
            ]
        },
        {
            "contact_pose": [
                [
                    0.009831000119447647,
                    0.03394260805525938,
                    -0.019223999232053746
                ],
                [
                    0.19017629724212526,
                    -0.9217886034504926,
                    -0.3378442637015844
                ],
                [
                    -0.11449314329841842,
                    -0.3626004557814531,
                    0.9248849818246216
                ],
                [
                    -0.9750509197497961,
                    -0.1372103495217227,
                    -0.1744964867245299
                ]
            ],
            "object_pose": [
                0.79495253158655,
                -0.1734534024133729,
                0.9491908413683379,
                0.3203327346206889,
                0.5733949462365099,
                0.5832155411862944,
                -0.4779799235110605
            ]
        }
    ]
}