{
    "hook_path": "models/hook/Hook_60/base.urdf",
    "obj_path": "models/geo_data/mug/82/base.urdf",
    "hook_pose": [
        0.8,
        -0.2,
        1.0,
        4.329780281177466e-17,
        0.7071067811865475,
        0.7071067811865476,
        4.329780281177467e-17
    ],
    "contact_info": [
        {
            "contact_pose": [
                [
                    0.017441000789403978,
                    -0.04172747937641716,
                    -0.021741999313235293
                ],
                [
                    0.21900609619767075,
                    -0.9507590763975036,
                    0.2193023220944616
                ],
                [
                    0.10224075796715698,
                    0.2458826784204166,
                    0.963892388113478
                ],
                [
                    -0.9703520790097573,
                    -0.1886766734404875,
                    0.15105613413851748
                ]
            ],
            "object_pose": [
                0.807117591582923,
                -0.1695768014968354,
                0.9482383553977904,
                -0.5321809858077258,
                -0.3499215078049269,
                -0.517594220725363,
                0.571344519000531
            ]
        },
        {
            "contact_pose": [
                [
                    -0.03515600040555005,
                    0.044130001217126874,
                    -0.02435100078582766
                ],
                [
                    0.1628498380479456,
                    0.10268950500308444,
                    0.9812924109611668
                ],
                [
                    -0.6637230707781302,
                    0.7472959111137296,
                    0.03194536820181962
                ],
                [
                    -0.7300353522704275,
                    -0.6565087103724688,
                    0.18985441169609618
                ]
            ],
            "object_pose": [
                0.8019511170352356,
                -0.21966549449207168,
                1.035428049873299,
                -0.4065281754720599,
                0.0805014742791935,
                -0.05360323831908821,
                0.9085048420498052
            ]
        },
        {
            "contact_pose": [
                [
                    0.013739814861292896,
                    -0.028956728595260963,
                    0.025709184938495184
                ],
                [
                    0.036320482487584904,
                    -0.997416364787044,
                    -0.06197917236352879
                ],
                [
                    -0.23048815299524972,
                    0.05198713279759426,
                    -0.9716854168671691
                ],
                [
                    0.9723970556725827,
                    0.049577548129009635,
                    -0.2280044579406471
                ]
            ],
            "object_pose": [
                0.8093421699263885,
                -0.1605846754315461,
                0.9556208888641989,
                0.43506040464808776,
                -0.5792333021951924,
                0.44212935642164436,
                0.5288977766314374
            ]
        }
    ]
}