{
    "hook_path": "models/hook/Hook_60/base.urdf",
    "obj_path": "models/geo_data/mug/146/base.urdf",
    "hook_pose": [
        0.8,
        -0.2,
        1.0,
        4.329780281177466e-17,
        0.7071067811865475,
        0.7071067811865476,
        4.329780281177467e-17
    ],
    "contact_info": [
        {
            "contact_pose": [
                [
                    0.043324928895420875,
                    -0.0031924577861227915,
                    0.005458999890834092
                ],
                [
                    0.04302979016538688,
                    -0.9971508835428122,
                    0.061956053845543424
                ],
                [
                    0.005401452621352831,
                    -0.061780393967362235,
                    -0.9980751510937524
                ],
                [
                    0.9990591881705018,
                    0.04328161701030375,
                    0.0027276658650460806
                ]
            ],
            "object_pose": [
                0.8002577150431524,
                -0.1798989463234593,
                0.945991974343444,
                0.5269343231080131,
                -0.49394435682154714,
                0.47438480734671135,
                0.5033073077687942
            ]
        },
        {
            "contact_pose": [
                [
                    0.043130390311930375,
                    -0.003623445553105041,
                    0.0054589998908340645
                ],
                [
                    0.03268813395812398,
                    -0.9956790097683048,
                    0.08691832606040922
                ],
                [
                    0.007111389375372257,
                    -0.0867308974944796,
                    -0.9962063940574533
                ],
                [
                    0.999440300387916,
                    0.03318223811936083,
                    0.004245589935739591
                ]
            ],
            "object_pose": [
                0.798984658655544,
                -0.18055750580635557,
                0.9460010380400149,
                0.5308511923211491,
                -0.4845494099376191,
                0.4709062606282704,
                0.5115233862116365
            ]
        },
        {
            "contact_pose": [
                [
                    0.04331542647068502,
                    -0.0032135097992721834,
                    0.0054589998908340645
                ],
                [
                    0.04212996183946982,
                    -0.9975462036064661,
                    0.05591634810797366
                ],
                [
                    0.005195436136296805,
                    -0.05574654681859659,
                    -0.9984314347821567
                ],
                [
                    0.9990986306460233,
                    0.04235438806226935,
                    0.002834087703693089
                ]
            ],
            "object_pose": [
                0.8005698585232893,
                -0.17995860153514293,
                0.9459948845283277,
                0.5252299906485111,
                -0.49528845227251134,
                0.4761629710419674,
                0.5020872742635009
            ]
        },
        {
            "contact_pose": [
                [
                    0.0429662616240402,
                    0.0033868076486467075,
                    0.0054589998908340645
                ],
                [
                    0.04085997450153889,
                    -0.9973555180238971,
                    0.06010352028805371
                ],
                [
                    0.005245960760467572,
                    -0.05993878613727899,
                    -0.9981882697227454
                ],
                [
                    0.9991511108833501,
                    0.041101247957603726,
                    0.0027829906385667402
                ]
            ],
            "object_pose": [
                0.8003534113859921,
                -0.18004039831953814,
                0.9459920772076948,
                0.5259398085822475,
                -0.4939007407640431,
                0.4754054039750731,
                0.5034273312927056
            ]
        },
        {
            "contact_pose": [
                [
                    0.04352858391443508,
                    -0.002741273140357912,
                    -0.006171474604309974
                ],
                [
                    -0.11065628354880946,
                    -0.9749921862860528,
                    -0.19273148054302966
                ],
                [
                    -0.19122059101919106,
                    -0.16941284334190754,
                    0.9668164117768592
                ],
                [
                    -0.9752896351758469,
                    0.14383853861866455,
                    -0.1676919864710601
                ]
            ],
            "object_pose": [
                0.8055168756759336,
                -0.1624047165594198,
                0.9536701983330171,
                0.4358573353336054,
                0.6180191360671782,
                0.4630530074692243,
                -0.4622365660182826
            ]
        },
        {
            "contact_pose": [
                [
                    0.043319753125199575,
                    -0.0032039243734185746,
                    0.005458999890834092
                ],
                [
                    0.033512719159615845,
                    -0.9975167176681858,
                    0.06194590888038848
                ],
                [
                    0.004540738348910361,
                    -0.06182811904179464,
                    -0.9980764827361679
                ],
                [
                    0.9994279760691989,
                    0.03372953702976561,
                    0.0024574340239801873
                ]
            ],
            "object_pose": [
                0.8002531244051592,
                -0.18052170753444058,
                0.9459912803355003,
                0.5244559524543182,
                -0.49174253675080487,
                0.4766721337666898,
                0.5058842835821529
            ]
        },
        {
            "contact_pose": [
                [
                    0.04323219920413894,
                    -0.003397894475654449,
                    -0.005599587959968817
                ],
                [
                    -0.1267005995273235,
                    -0.9879119431134896,
                    -0.08931377683843517
                ],
                [
                    -0.1458210098262137,
                    -0.07051112344301658,
                    0.9867950215541558
                ],
                [
                    -0.9811642019421009,
                    0.1380513459714634,
                    -0.13512451555061078
                ]
            ],
            "object_pose": [
                0.800736750909441,
                -0.16355824690930437,
                0.9536156805153282,
                0.4751096082239377,
                0.5859151245351395,
                0.4487319414307271,
                -0.4791805210503436
            ]
        }
    ]
}