{
    "hook_path": "models/hook/Hook_90/base.urdf",
    "obj_path": "models/geo_data/mug/45/base.urdf",
    "hook_pose": [
        0.8,
        -0.2,
        1.0,
        4.329780281177466e-17,
        0.7071067811865475,
        0.7071067811865476,
        4.329780281177467e-17
    ],
    "contact_info": [
        {
            "contact_pose": [
                [
                    0.03848100901506169,
                    0.03667627252423494,
                    -0.00025009348867815963
                ],
                [
                    0.2526135176707529,
                    -0.8049080940376017,
                    -0.5369444764989799
                ],
                [
                    -0.00010545885569290814,
                    -0.5549656907397087,
                    0.8318732301139566
                ],
                [
                    -0.9675672584210557,
                    -0.2100857973651561,
                    -0.14027672001087216
                ]
            ],
            "object_pose": [
                0.7987709998478174,
                -0.16566522158960392,
                0.9289867424079564,
                0.2514280549581585,
                0.5759696472014643,
                0.6608564168956149,
                -0.41025808332130065
            ]
        },
        {
            "contact_pose": [
                [
                    0.037456239517082386,
                    0.0366354003308626,
                    0.010601774528952598
                ],
                [
                    0.03934389269819155,
                    -0.8249929123555373,
                    0.5637718977303517
                ],
                [
                    0.005246961563325686,
                    -0.5640303972463561,
                    -0.8257373555656005
                ],
                [
                    0.9992119532420067,
                    0.03544581139213579,
                    -0.017862445326633336
                ]
            ],
            "object_pose": [
                0.8003040412310957,
                -0.16730213681766173,
                0.9287626373151997,
                0.633337325342075,
                -0.34147728771415325,
                0.31860212351804806,
                0.6170654594074462
            ]
        },
        {
            "contact_pose": [
                [
                    0.03738820092386936,
                    0.03663702060588919,
                    0.010593670638039634
                ],
                [
                    0.039717755771104146,
                    -0.8134364270849372,
                    0.5802961993394394
                ],
                [
                    0.005235166902760463,
                    -0.5805770749288524,
                    -0.8141884628847046
                ],
                [
                    0.9991972242275331,
                    0.035375685977084875,
                    -0.018800743007751364
                ]
            ],
            "object_pose": [
                0.7990610721774136,
                -0.167304519735168,
                0.9287727777388047,
                0.6365742400182568,
                -0.3353521729968679,
                0.3120750236666802,
                0.6204202902991637
            ]
        },
        {
            "contact_pose": [
                [
                    -0.015921000391244826,
                    0.04668600112199786,
                    0.018943000584840497
                ],
                [
                    -0.055219933781548776,
                    0.07396553050811912,
                    0.9957308166416333
                ],
                [
                    0.9982094552347675,
                    -0.018874561240527127,
                    0.056759443424742366
                ],
                [
                    0.022992224622039235,
                    0.9970821687477066,
                    -0.07279083989280245
                ]
            ],
            "object_pose": [
                0.801117126946223,
                -0.13097664582505103,
                1.0025022372417152,
                0.9988771747096972,
                0.028026312954552098,
                -0.036730334348558234,
                0.010478461947719966
            ]
        },
        {
            "contact_pose": [
                [
                    0.03855091091271535,
                    0.03667481603888084,
                    -0.00024426756822334907
                ],
                [
                    0.2520243974241882,
                    -0.8232653830894385,
                    -0.5086431087801891
                ],
                [
                    -8.20284565059004e-05,
                    -0.5256274864588111,
                    0.8507148398554742
                ],
                [
                    -0.9677208773062136,
                    -0.21435917168526494,
                    -0.13253848173304206
                ]
            ],
            "object_pose": [
                0.796631411009461,
                -0.16566635510778654,
                0.9291142606289758,
                0.26311389695246057,
                0.5688510274121491,
                0.656300284170468,
                -0.4200589516251207
            ]
        },
        {
            "contact_pose": [
                [
                    0.001359068256194201,
                    0.03562835808401385,
                    -0.0032085015719341406
                ],
                [
                    0.041726026132473816,
                    0.9723965941103239,
                    -0.22957308750337857
                ],
                [
                    0.9990992596776683,
                    -0.038832861445202996,
                    0.017107839826017622
                ],
                [
                    0.007720625280838337,
                    -0.23008014393819265,
                    -0.973141058280172
                ]
            ],
            "object_pose": [
                0.7979245790222347,
                -0.13042385433373138,
                0.9988773415576279,
                -0.6203720714692307,
                0.009920734442538975,
                0.7840204861990596,
                -0.018760308880358057
            ]
        },
        {
            "contact_pose": [
                [
                    0.037325353827502745,
                    0.03663851725030759,
                    0.010586185092129496
                ],
                [
                    0.039940524712923586,
                    -0.8019349162676314,
                    0.5960747810103052
                ],
                [
                    0.005220569534790734,
                    -0.5963751706129339,
                    -0.8026888572355582
                ],
                [
                    0.9991884207392461,
                    0.035171663981404616,
                    -0.0196329802472881
                ]
            ],
            "object_pose": [
                0.7978569740621492,
                -0.1673045767025427,
                0.9288020380215171,
                0.6396223523545945,
                -0.3293464412424661,
                0.30576711912135063,
                0.6236350189602308
            ]
        },
        {
            "contact_pose": [
                [
                    0.016560999676585038,
                    0.00924204356904729,
                    0.008113999851047993
                ],
                [
                    0.31659154159394165,
                    -0.6638680455486596,
                    0.6775315593317952
                ],
                [
                    -0.2979909735346768,
                    -0.747718037390318,
                    -0.5933962556783
                ],
                [
                    0.9005393803066176,
                    -0.014034053604483548,
                    -0.4345478913266056
                ]
            ],
            "object_pose": [
                0.7865719053285305,
                -0.1563837041375241,
                0.9575769899011513,
                0.5842744501072751,
                -0.38936658838374855,
                0.09812176203321486,
                0.7052582127261893
            ]
        },
        {
            "contact_pose": [
                [
                    0.03736823661719597,
                    0.03663749603705274,
                    0.010591292744026898
                ],
                [
                    0.03979492225606407,
                    -0.8098426664866747,
                    0.585295839469568
                ],
                [
                    0.005233916258716595,
                    -0.58558285823999,
                    -0.8105956589176138
                ],
                [
                    0.9991941604529275,
                    0.03532098063808843,
                    -0.0190645756190172
                ]
            ],
            "object_pose": [
                0.7986811652152108,
                -0.16730451538623428,
                0.9287798262891483,
                0.6375442604961582,
                -0.33346335065108873,
                0.3100875264143417,
                0.6214380384585343
            ]
        },
        {
            "contact_pose": [
                [
                    0.037532102554151354,
                    0.03656599568873026,
                    0.002459024463489113
                ],
                [
                    0.03942308665866667,
                    -0.8208048929950715,
                    0.5698466003001615
                ],
                [
                    0.005238500483289818,
                    -0.570112327285653,
                    -0.8215500547073337
                ],
                [
                    0.9992088762370908,
                    0.03537318069223301,
                    -0.01817580085511511
                ]
            ],
            "object_pose": [
                0.7998466125314602,
                -0.16730362669557403,
                0.9287642355415047,
                0.6345191646979003,
                -0.33922267019937713,
                0.31623516545875124,
                0.6183111916997457
            ]
        }
    ]
}