{
    "hook_path": "models/hook/Hook_90/base.urdf",
    "obj_path": "models/geo_data/mug/159/base.urdf",
    "hook_pose": [
        0.8,
        -0.2,
        1.0,
        4.329780281177466e-17,
        0.7071067811865475,
        0.7071067811865476,
        4.329780281177467e-17
    ],
    "contact_info": [
        {
            "contact_pose": [
                [
                    0.011287000030279113,
                    -0.0007367493036210798,
                    -0.015379999764263607
                ],
                [
                    0.4213370935795615,
                    -0.9010680705632501,
                    -0.10271993859689382
                ],
                [
                    0.005026431119216246,
                    -0.1109424546869856,
                    0.993814120818491
                ],
                [
                    -0.9068901744776662,
                    -0.4192470679199175,
                    -0.042215014821985475
                ]
            ],
            "object_pose": [
                0.7982922792173043,
                -0.14039661644807563,
                0.9720396000619104,
                -0.34751238272988383,
                -0.41183930105010624,
                -0.6178578796203921,
                0.5726038548167065
            ]
        },
        {
            "contact_pose": [
                [
                    0.015237196749819057,
                    0.050181001424789456,
                    0.0008048535617287916
                ],
                [
                    0.3878172570376521,
                    0.7736338342536848,
                    0.5010872834564197
                ],
                [
                    0.8873134951549604,
                    -0.4605273802177663,
                    0.024275365819065475
                ],
                [
                    0.24954465824713667,
                    0.4352071030758846,
                    -0.8650562068285601
                ]
            ],
            "object_pose": [
                0.80139929128963,
                -0.13160277957693306,
                0.96975388252822,
                0.840179725071854,
                -0.10817384672889355,
                -0.48760104302150964,
                0.21128575746224298
            ]
        },
        {
            "contact_pose": [
                [
                    0.044500000774860334,
                    -0.0025279999244957867,
                    -0.0077979997731745295
                ],
                [
                    0.033238215459103104,
                    -0.9317102882255848,
                    -0.3616782545961149
                ],
                [
                    0.027957159719751434,
                    -0.36086985521495996,
                    0.9321970525685749
                ],
                [
                    -0.9990563639022069,
                    -0.04109606321451964,
                    0.01405330334012822
                ]
            ],
            "object_pose": [
                0.811719926329071,
                -0.17782193158660092,
                0.9403178293072159,
                0.3953425229813753,
                0.5684683438112108,
                0.5980659406642352,
                -0.4035655612470709
            ]
        },
        {
            "contact_pose": [
                [
                    0.04372844488716305,
                    -0.0035817752678710384,
                    -0.007797999773174502
                ],
                [
                    0.04713656690990198,
                    -0.9242500749641569,
                    -0.3788666559473117
                ],
                [
                    -0.10369325588193701,
                    -0.38176662444920845,
                    0.9184236240108702
                ],
                [
                    -0.9934917476982643,
                    -0.004005419504544694,
                    -0.11383366755947533
                ]
            ],
            "object_pose": [
                0.8137061496283026,
                -0.17745746886476335,
                0.9409256928077256,
                0.3582717783562524,
                0.6079791304651633,
                0.5655039388832582,
                -0.4268582959950439
            ]
        },
        {
            "contact_pose": [
                [
                    0.04413900151848788,
                    0.0021659999620167476,
                    -0.0077979997731745295
                ],
                [
                    0.07916323031092637,
                    -0.9598556803532505,
                    -0.2690915380689958
                ],
                [
                    0.040459962352987267,
                    -0.2666225152497532,
                    0.9629514140434552
                ],
                [
                    -0.9960402473861858,
                    -0.08711777806793336,
                    0.017729025110598817
                ]
            ],
            "object_pose": [
                0.8042701577780679,
                -0.17421060025824225,
                0.9391350903443101,
                0.41359722140509425,
                0.5342082453613186,
                0.5909038158807904,
                -0.44089859311579527
            ]
        },
        {
            "contact_pose": [
                [
                    0.010925999842584086,
                    0.017887936887623274,
                    -0.016463000327348685
                ],
                [
                    -0.04710947402125115,
                    -0.8894082113425414,
                    -0.4546798115750273
                ],
                [
                    -0.16550237022986503,
                    -0.4419439492991645,
                    0.8816430746771362
                ],
                [
                    -0.9850835816851978,
                    0.11678432803385397,
                    -0.12637942008073716
                ]
            ],
            "object_pose": [
                0.8135624268871869,
                -0.1825904582426854,
                0.9410309199355692,
                0.352350019947836,
                0.6589701263787962,
                0.5413855172867363,
                -0.3853693782012862
            ]
        },
        {
            "contact_pose": [
                [
                    0.04289143158522336,
                    0.007321426890456258,
                    -0.007797999773174502
                ],
                [
                    0.0993062058261584,
                    -0.8557660517691577,
                    -0.5077427913066221
                ],
                [
                    -0.12237504968740365,
                    -0.5168949034824817,
                    0.8472567532736706
                ],
                [
                    -0.9875032276901268,
                    -0.02200280421362899,
                    -0.1560552847817675
                ]
            ],
            "object_pose": [
                0.8142482995798027,
                -0.17415260563933896,
                0.9415724353904001,
                0.29490649144785935,
                0.6340573784722477,
                0.5931632460446381,
                -0.39894707123702844
            ]
        },
        {
            "contact_pose": [
                [
                    -0.00531900022178893,
                    0.049458000808954156,
                    0.027940999716520334
                ],
                [
                    -0.1034249241615286,
                    -0.12011928176987637,
                    0.9873574039876701
                ],
                [
                    0.8855211436563398,
                    -0.46317021220924953,
                    0.036409595707816954
                ],
                [
                    0.4529410438453883,
                    0.8780915172515492,
                    0.1542715078396598
                ]
            ],
            "object_pose": [
                0.8011360612559811,
                -0.1299781051108032,
                0.9721899906137228,
                0.9683710632933482,
                0.03610044877677885,
                0.07083823546842577,
                0.23650832072031894
            ]
        },
        {
            "contact_pose": [
                [
                    0.04292511096674751,
                    0.005619424517726264,
                    0.008085999637842173
                ],
                [
                    0.06461127685075407,
                    -0.993643546408878,
                    -0.09218397682733903
                ],
                [
                    -0.032360627117898944,
                    0.09024213277474152,
                    -0.9953939658671849
                ],
                [
                    0.9973856689948235,
                    0.06729680640456931,
                    -0.026324268869133027
                ]
            ],
            "object_pose": [
                0.8150446555517639,
                -0.17553304040663048,
                0.9416292951637173,
                -0.485477137067064,
                0.5458574471301567,
                -0.49812813193616934,
                -0.46714019412966135
            ]
        },
        {
            "contact_pose": [
                [
                    0.01561900041997428,
                    -0.006112824424055778,
                    -0.006715000141411942
                ],
                [
                    0.7096284347227813,
                    -0.690485348530143,
                    -0.14020509298203904
                ],
                [
                    -0.5095065230853613,
                    -0.6403417621991104,
                    0.5747743300785133
                ],
                [
                    -0.4866524299398508,
                    -0.33644079872831206,
                    -0.8062115115679593
                ]
            ],
            "object_pose": [
                0.8017163303879242,
                -0.14295357999827263,
                0.9706337942480968,
                0.05883788151413885,
                -0.5729901433138026,
                -0.49171622116445113,
                0.6530203344520816
            ]
        }
    ]
}