{
    "hook_path": "models/hook/Hook_90/base.urdf",
    "obj_path": "models/geo_data/mug/90/base.urdf",
    "hook_pose": [
        0.8,
        -0.2,
        1.0,
        4.329780281177466e-17,
        0.7071067811865475,
        0.7071067811865476,
        4.329780281177467e-17
    ],
    "contact_info": [
        {
            "contact_pose": [
                [
                    0.02929503788532553,
                    -0.018730042170414647,
                    0.004150334660327686
                ],
                [
                    0.13920538658788395,
                    -0.9801618437965283,
                    0.14108373510191993
                ],
                [
                    -0.21066169115307068,
                    -0.16852127889528506,
                    -0.962923792644063
                ],
                [
                    0.9675967715042495,
                    0.10432324057892586,
                    -0.22994162139479118
                ]
            ],
            "object_pose": [
                0.8033411184482885,
                -0.17713272887048928,
                0.9404433769477486,
                0.5086121519703829,
                -0.5417336053426253,
                0.3687585026701364,
                0.5584402800828538
            ]
        },
        {
            "contact_pose": [
                [
                    -0.016882863652031593,
                    0.0411040000617504,
                    0.03296867520034358
                ],
                [
                    0.7751491864338063,
                    -0.5801837264982925,
                    0.25006115707475035
                ],
                [
                    0.5468577225448554,
                    0.41795906085709345,
                    -0.7254356310111258
                ],
                [
                    0.31637062136687455,
                    0.6990687140431984,
                    0.6412585773164572
                ]
            ],
            "object_pose": [
                0.8371013368768248,
                -0.16428741387609652,
                1.028782229390167,
                0.7899347431374956,
                -0.4749078422240447,
                0.38656430623730215,
                -0.03215089612552226
            ]
        },
        {
            "contact_pose": [
                [
                    0.018682686016030875,
                    0.03034514313816537,
                    0.010464955099545467
                ],
                [
                    0.06977870426526289,
                    -0.9752068020522717,
                    0.21000625148323945
                ],
                [
                    -0.0258165939756608,
                    -0.2122142637244701,
                    -0.9768820858974618
                ],
                [
                    0.9972283770062682,
                    0.0627439200469789,
                    -0.0399845544001865
                ]
            ],
            "object_pose": [
                0.7996096182409248,
                -0.17944761070229867,
                0.9400439891176263,
                0.5583309004422371,
                -0.46865612727761274,
                0.4187580549953996,
                0.5415438406564885
            ]
        },
        {
            "contact_pose": [
                [
                    0.04400373612525202,
                    0.011043390650700684,
                    -0.001163373920516312
                ],
                [
                    0.0735519748973425,
                    -0.9746818573710759,
                    0.2111525133650325
                ],
                [
                    -0.04767810204314116,
                    -0.21492052644767223,
                    -0.9754670501339444
                ],
                [
                    0.9961510455619994,
                    0.06168017690575289,
                    -0.06227881022153936
                ]
            ],
            "object_pose": [
                0.7992564059533089,
                -0.17753144080601527,
                0.9400639799031317,
                0.5534335073492669,
                -0.4738685908519,
                0.41215567680370285,
                0.5470718505147246
            ]
        },
        {
            "contact_pose": [
                [
                    0.04425604919033446,
                    0.007474676077336633,
                    -0.006467402805354767
                ],
                [
                    0.03734816523436557,
                    -0.9754591847562631,
                    -0.21698961594572536
                ],
                [
                    -0.01141890963173492,
                    -0.2175435257355849,
                    0.9759838230797443
                ],
                [
                    -0.9992370704975118,
                    -0.033973420274940935,
                    -0.019263531825016722
                ]
            ],
            "object_pose": [
                0.8009374979660281,
                -0.17408579031564017,
                0.940190722826894,
                0.4294234664487954,
                0.5464510740456366,
                0.5566740802724992,
                -0.4550831555773491
            ]
        },
        {
            "contact_pose": [
                [
                    0.044336448406418955,
                    0.007723159909336013,
                    -0.006438184102607812
                ],
                [
                    0.0346711634248405,
                    -0.985798283739592,
                    0.16431571502093884
                ],
                [
                    -0.06918628641218832,
                    -0.16638766182542353,
                    -0.9836302169843905
                ],
                [
                    0.9970010873611214,
                    0.022735209881214885,
                    -0.07397257621847747
                ]
            ],
            "object_pose": [
                0.8015680639364188,
                -0.18076225739812865,
                0.9401742090052926,
                0.528645589807095,
                -0.4815614657737017,
                0.4312084150053364,
                0.5501742432066209
            ]
        },
        {
            "contact_pose": [
                [
                    0.044245374720075975,
                    0.007441685292058225,
                    -0.006471282123943351
                ],
                [
                    0.0648969679914767,
                    -0.9785035307242574,
                    -0.19575296653097052
                ],
                [
                    -0.029220664984724865,
                    -0.1979457871496093,
                    0.9797773308704237
                ],
                [
                    -0.9974640526271428,
                    -0.057864546225504854,
                    -0.04143860527035981
                ]
            ],
            "object_pose": [
                0.7997376023198646,
                -0.17141462741347563,
                0.9403640326819641,
                0.4234270368843963,
                0.540164115174775,
                0.5532623355542446,
                -0.4720519687172322
            ]
        },
        {
            "contact_pose": [
                [
                    0.01226009741944531,
                    0.03903221480760875,
                    0.016266835603945373
                ],
                [
                    0.6508506703748811,
                    0.29186102317290613,
                    0.7008641437718383
                ],
                [
                    0.4281389847843672,
                    0.621262922852733,
                    -0.6562997717478578
                ],
                [
                    -0.6269692293728449,
                    0.7272204093952145,
                    0.2793923076583847
                ]
            ],
            "object_pose": [
                0.8326129289406881,
                -0.1713248929735172,
                1.0270778680039014,
                0.8450182746472735,
                -0.38672253646477883,
                -0.0036888893082596703,
                -0.36929146672792773
            ]
        },
        {
            "contact_pose": [
                [
                    0.0442433278422745,
                    0.007435359160231841,
                    -0.006472026000773846
                ],
                [
                    0.06755399513413002,
                    -0.9793044365332466,
                    -0.19078594897873974
                ],
                [
                    -0.027056856664492868,
                    -0.19295062363738874,
                    0.9808353497633433
                ],
                [
                    -0.9973486773685796,
                    -0.06109727837017864,
                    -0.03953148526050948
                ]
            ],
            "object_pose": [
                0.7994715678935882,
                -0.1716592723012623,
                0.9403813196205982,
                0.42457623461122646,
                0.5377605246001825,
                0.5533593702749655,
                -0.47364759739070034
            ]
        },
        {
            "contact_pose": [
                [
                    0.04393658891887067,
                    0.011187298216240631,
                    -0.0011537800825704707
                ],
                [
                    0.10117253651727237,
                    -0.981629180418788,
                    0.16176609658701926
                ],
                [
                    -0.11364226964017846,
                    -0.17293909616011732,
                    -0.9783544876834529
                ],
                [
                    0.9883569964368599,
                    0.08059913876501026,
                    -0.12905125502934278
                ]
            ],
            "object_pose": [
                0.8019616994596905,
                -0.17843511907898169,
                0.9401401231017307,
                0.5312068725345738,
                -0.5080539616561832,
                0.40124571493281785,
                0.546536647321611
            ]
        }
    ]
}