{
    "hook_path": "models/hook/Hook_90/base.urdf",
    "obj_path": "models/geo_data/mug/193/base.urdf",
    "hook_pose": [
        0.8,
        -0.2,
        1.0,
        4.329780281177466e-17,
        0.7071067811865475,
        0.7071067811865476,
        4.329780281177467e-17
    ],
    "contact_info": [
        {
            "contact_pose": [
                [
                    0.0444810294263526,
                    0.012054511453974235,
                    -0.009937671535601376
                ],
                [
                    0.08414724118359979,
                    -0.9003324189699837,
                    -0.4269903712647939
                ],
                [
                    -0.12302588085559951,
                    -0.43461862601580986,
                    0.8921722269605983
                ],
                [
                    -0.9888295477183582,
                    -0.022542965017652072,
                    -0.14733614725287203
                ]
            ],
            "object_pose": [
                0.8100660309158274,
                -0.1698443547814116,
                0.9391988845421464,
                0.3268947777427602,
                0.6179549512510482,
                0.5758705269908433,
                -0.42384504084879226
            ]
        },
        {
            "contact_pose": [
                [
                    0.04418251506799467,
                    0.013505663333320093,
                    -0.009091770532194675
                ],
                [
                    0.0667507074337681,
                    -0.9369052321625031,
                    -0.34315146656195117
                ],
                [
                    -0.2488035342687081,
                    -0.3486840365794347,
                    0.9036128839110646
                ],
                [
                    -0.966251077304699,
                    0.02506049842277297,
                    -0.2563802391494144
                ]
            ],
            "object_pose": [
                0.8046460187182533,
                -0.1726155434996159,
                0.9382593167389416,
                0.3290537560916581,
                0.635809621516817,
                0.5170317770385274,
                -0.4691992032399416
            ]
        },
        {
            "contact_pose": [
                [
                    0.014743931556043172,
                    -0.002287105511173894,
                    -0.006180489869396453
                ],
                [
                    0.451072572710979,
                    -0.7631185595259258,
                    -0.4627997388233651
                ],
                [
                    -0.6220051682070037,
                    -0.6406700616676044,
                    0.450168238336075
                ],
                [
                    -0.6400336747950657,
                    0.08480528397396211,
                    -0.7636523809551177
                ]
            ],
            "object_pose": [
                0.8132194148747287,
                -0.14640425948870717,
                0.9704620159149989,
                0.000306978661058416,
                -0.7364798352644034,
                -0.43473822199180956,
                0.5182663758651714
            ]
        },
        {
            "contact_pose": [
                [
                    0.029070704747457016,
                    -0.0136547647243091,
                    0.001027057754923956
                ],
                [
                    0.14001222952102554,
                    -0.979781680387176,
                    0.14291408034981623
                ],
                [
                    -0.3152082585143077,
                    -0.18093211784643243,
                    -0.9316154370210823
                ],
                [
                    0.9386374855869166,
                    0.08538985600928693,
                    -0.3341679864107037
                ]
            ],
            "object_pose": [
                0.8036285568163956,
                -0.17827683378323134,
                0.9380439014778175,
                0.47778019994679444,
                -0.560732564190314,
                0.3378194063129697,
                0.5858183342246206
            ]
        },
        {
            "contact_pose": [
                [
                    0.030054078225144415,
                    -0.0145081229388791,
                    -0.0006230884058970028
                ],
                [
                    0.1854077557406616,
                    -0.9722856801017974,
                    0.14242373531190758
                ],
                [
                    -0.33210081353143583,
                    -0.1984075216759293,
                    -0.9221407186509952
                ],
                [
                    0.9248421561342073,
                    0.12367300275889151,
                    -0.35968315866277306
                ]
            ],
            "object_pose": [
                0.8028350080007434,
                -0.1772688734115704,
                0.9378545916613387,
                0.4832173228836491,
                -0.5730074347201831,
                0.31693944547727293,
                0.5811306965916643
            ]
        },
        {
            "contact_pose": [
                [
                    0.02934441033749094,
                    -0.014326134994724628,
                    0.0005184556886362339
                ],
                [
                    0.19506612678979973,
                    -0.9742809215674767,
                    0.11280909559451965
                ],
                [
                    -0.3848438920535747,
                    -0.1818267637806661,
                    -0.9048945832096167
                ],
                [
                    0.9021332412278587,
                    0.13310039009213137,
                    -0.4104143043669898
                ]
            ],
            "object_pose": [
                0.8045863551113082,
                -0.17530141001384814,
                0.9381466311344989,
                0.46396810063652977,
                -0.5926919913730879,
                0.30382833239338214,
                0.5840703291462345
            ]
        }
    ]
}