{
    "hook_path": "models/hook/Hook_90/base.urdf",
    "obj_path": "models/geo_data/mug/142/base.urdf",
    "hook_pose": [
        0.8,
        -0.2,
        1.0,
        4.329780281177466e-17,
        0.7071067811865475,
        0.7071067811865476,
        4.329780281177467e-17
    ],
    "contact_info": [
        {
            "contact_pose": [
                [
                    0.046512733070712395,
                    0.014934389882649102,
                    -0.016107260943790072
                ],
                [
                    0.1265422508343393,
                    -0.8436896332771779,
                    -0.5217038062487181
                ],
                [
                    -0.33521401214181507,
                    -0.5313622945910382,
                    0.7780010783737601
                ],
                [
                    -0.933605176087604,
                    0.07643241843333021,
                    -0.35005636773934873
                ]
            ],
            "object_pose": [
                0.8089757847976601,
                -0.16677394168531073,
                0.9322335831476162,
                0.23426192607997398,
                0.69522482637343,
                0.5267963021115403,
                -0.4292661725141426
            ]
        },
        {
            "contact_pose": [
                [
                    0.04110400006175029,
                    -0.01219800021499402,
                    -0.0073040002025663705
                ],
                [
                    0.15711554786989607,
                    -0.9732297199809294,
                    0.16774569074460155
                ],
                [
                    -0.19199817162801203,
                    -0.19671579586373333,
                    -0.9614778196865481
                ],
                [
                    0.9687370162789499,
                    0.11885624848336362,
                    -0.2177654368521737
                ]
            ],
            "object_pose": [
                0.808445391009434,
                -0.18841404010052676,
                0.9309344579772885,
                0.5231165662641437,
                -0.5345813149949159,
                0.3610401255899483,
                0.5569756758354106
            ]
        },
        {
            "contact_pose": [
                [
                    0.04672876463766927,
                    0.014354288795508308,
                    -0.011893509016903376
                ],
                [
                    0.12816110029376832,
                    -0.9916918313702883,
                    -0.011047351036991393
                ],
                [
                    0.17338504915462052,
                    0.03337226200388599,
                    -0.9842885333368432
                ],
                [
                    0.9764795733148445,
                    0.12423205593641207,
                    0.17622156274608303
                ]
            ],
            "object_pose": [
                0.8204046978405177,
                -0.17630641514689419,
                0.9344017760542719,
                0.5671352911903035,
                -0.4903810655548354,
                0.5148301526365758,
                0.41573295030342977
            ]
        },
        {
            "contact_pose": [
                [
                    0.011863387080399513,
                    0.032194555867823424,
                    -0.02303950825824956
                ],
                [
                    -0.11915899700039811,
                    -0.8563771711241234,
                    -0.5024134494729446
                ],
                [
                    0.27123293461183384,
                    -0.5148480072636623,
                    0.8132430292344894
                ],
                [
                    -0.9551093280958529,
                    -0.03936585060785386,
                    0.2936264654117683
                ]
            ],
            "object_pose": [
                0.8154923597816008,
                -0.16500549268552736,
                0.9334923070353716,
                0.4270402892383327,
                0.5458513223060967,
                0.6732407137667463,
                -0.25773992052215905
            ]
        },
        {
            "contact_pose": [
                [
                    0.04670558326324868,
                    0.0142837711455716,
                    -0.012977963527345463
                ],
                [
                    0.09561838372621356,
                    -0.9918521719556919,
                    0.0841807203602016
                ],
                [
                    -0.10577063437568843,
                    -0.09421320933656246,
                    -0.9899173925587269
                ],
                [
                    0.9897826516954873,
                    0.0857504529042322,
                    -0.1139173482370795
                ]
            ],
            "object_pose": [
                0.8113860452175548,
                -0.18957271823519592,
                0.9321701880727135,
                0.5157907858058209,
                -0.5261512061469874,
                0.4255285514392299,
                0.525404820550701
            ]
        },
        {
            "contact_pose": [
                [
                    0.047834999859333024,
                    0.007992999628186049,
                    -0.013553000055253629
                ],
                [
                    0.0853128449269131,
                    -0.8707280220844447,
                    -0.4843081973778552
                ],
                [
                    -0.1887632838797052,
                    -0.4914021835703788,
                    0.8502307431757652
                ],
                [
                    -0.9783098390333334,
                    0.018884002202256223,
                    -0.20628439909842639
                ]
            ],
            "object_pose": [
                0.8118356882964723,
                -0.16660965571508346,
                0.9337034457577926,
                0.29402913161143407,
                0.6503759457920889,
                0.5649471017927019,
                -0.4139961003136364
            ]
        },
        {
            "contact_pose": [
                [
                    0.04709039531112978,
                    0.012274769683653642,
                    -0.012435673226132411
                ],
                [
                    -0.16609298281330814,
                    -0.9080914677713495,
                    -0.3844255548491206
                ],
                [
                    0.1021492578292808,
                    -0.4035871862911785,
                    0.9092210469333057
                ],
                [
                    -0.9808051030582504,
                    0.11174645060334448,
                    0.1597938690702777
                ]
            ],
            "object_pose": [
                0.8086893903245478,
                -0.1733044483157985,
                0.9316547172349365,
                0.4553762602462673,
                0.5903437023512625,
                0.5862653755073416,
                -0.31689065019271795
            ]
        },
        {
            "contact_pose": [
                [
                    0.046527054648389674,
                    0.01551420085093307,
                    -0.011591101215638387
                ],
                [
                    -0.1747282835047545,
                    -0.9570724123576655,
                    -0.23126267413346507
                ],
                [
                    0.19138553565170674,
                    -0.2634089212951407,
                    0.9455090253008904
                ],
                [
                    -0.9658372552799936,
                    0.12094683826379876,
                    0.22919480497428185
                ]
            ],
            "object_pose": [
                0.7964113343535167,
                -0.17082145740749885,
                0.9308412736227468,
                0.5198725083571069,
                0.5387077075617067,
                0.570460640956362,
                -0.33778874757421595
            ]
        },
        {
            "contact_pose": [
                [
                    0.01817796523860903,
                    0.03828199952840809,
                    0.001021845713205281
                ],
                [
                    0.05377045309993006,
                    -0.9409853020995365,
                    0.3341487686735837
                ],
                [
                    0.25605723201751496,
                    -0.3104505016332254,
                    -0.9154535378527995
                ],
                [
                    0.9651649767293448,
                    0.13478556031089775,
                    0.2242530276868533
                ]
            ],
            "object_pose": [
                0.8031268612327409,
                -0.17877345190262606,
                0.9304710083798498,
                0.6566946704904031,
                -0.3689781699571802,
                0.44359973597631724,
                0.4856197010895385
            ]
        },
        {
            "contact_pose": [
                [
                    0.046610799688662816,
                    0.015032633814308572,
                    -0.011716653517665388
                ],
                [
                    -0.0019803504021257967,
                    -0.844166873357139,
                    -0.536076830443843
                ],
                [
                    -0.2481655468657844,
                    -0.5188931607868492,
                    0.8180242961168325
                ],
                [
                    -0.9687156133567225,
                    0.1346557745329363,
                    -0.20846554349302915
                ]
            ],
            "object_pose": [
                0.8119518163911533,
                -0.1703880305323823,
                0.9321683366084115,
                0.2959786298127404,
                0.6926214968946899,
                0.5369486728368742,
                -0.3799450426999295
            ]
        }
    ]
}