{
    "hook_path": "models/hook/Hook_90/base.urdf",
    "obj_path": "models/geo_data/mug/146/base.urdf",
    "hook_pose": [
        0.8,
        -0.2,
        1.0,
        4.329780281177466e-17,
        0.7071067811865475,
        0.7071067811865476,
        4.329780281177467e-17
    ],
    "contact_info": [
        {
            "contact_pose": [
                [
                    0.043573917290949435,
                    -0.00264083994935219,
                    0.0054589998908340645
                ],
                [
                    0.1840311403856219,
                    -0.9828595429780875,
                    -0.010938836559361675
                ],
                [
                    -4.555599909944474e-06,
                    0.011128060917404203,
                    -0.9999380812027638
                ],
                [
                    0.9829204135369323,
                    0.18401979523171802,
                    0.0020434322260650672
                ]
            ],
            "object_pose": [
                0.8039937002487701,
                -0.16636923013880978,
                0.940022488250693,
                -0.5415432584458157,
                0.5465718588143259,
                -0.45467419261701386,
                -0.44862175710971436
            ]
        },
        {
            "contact_pose": [
                [
                    0.04364735817091574,
                    -0.0024781363853905486,
                    0.00545899989083412
                ],
                [
                    0.18415515000389004,
                    -0.98208255978031,
                    0.0400090802493451
                ],
                [
                    -7.109276568051381e-06,
                    -0.04070658548182465,
                    -0.9991711434223214
                ],
                [
                    0.9828971872360317,
                    0.18400222736087926,
                    -0.007503309252081758
                ]
            ],
            "object_pose": [
                0.8014022547089529,
                -0.16636949883811952,
                0.9399071804043504,
                0.5531736161309703,
                -0.5347897382121553,
                0.4404490842064516,
                0.4626051129648898
            ]
        },
        {
            "contact_pose": [
                [
                    0.014156543284692999,
                    -0.0012429457902883062,
                    -0.01571603625567561
                ],
                [
                    0.5147961430035591,
                    -0.8194872633914771,
                    0.2518443096196671
                ],
                [
                    -0.4375650404424606,
                    0.0014618594882074287,
                    0.8991855750341108
                ],
                [
                    -0.7372392871593638,
                    -0.5730955313959308,
                    -0.3578264179218307
                ]
            ],
            "object_pose": [
                0.7839845391426846,
                -0.13899104314584196,
                0.9751555750379243,
                -0.2455523049073637,
                -0.3913518875088194,
                -0.47002292000864254,
                0.7520812591499103
            ]
        },
        {
            "contact_pose": [
                [
                    0.043575492003844404,
                    -0.002637351273830278,
                    0.00545899989083412
                ],
                [
                    0.18405193627058847,
                    -0.9828707799989083,
                    -0.009482329850049792
                ],
                [
                    -1.752577355046414e-06,
                    0.009646808360092851,
                    -0.999953468460104
                ],
                [
                    0.9829165197268668,
                    0.18404338866908956,
                    0.0017737912004344158
                ]
            ],
            "object_pose": [
                0.8039180685984466,
                -0.16636956358257954,
                0.9400169241034888,
                -0.5418854367487848,
                0.546243414398859,
                -0.45426786937984215,
                -0.44902005357729174
            ]
        },
        {
            "contact_pose": [
                [
                    0.04381151525960707,
                    -0.0021144568734912422,
                    -0.008315999992191766
                ],
                [
                    0.13644372864991522,
                    -0.9810966522390117,
                    -0.13723143910020225
                ],
                [
                    -0.0001472141072182409,
                    -0.13854704689300235,
                    0.9903558421725169
                ],
                [
                    -0.990647811909013,
                    -0.13510764139245574,
                    -0.01904830693927001
                ]
            ],
            "object_pose": [
                0.8035315287244681,
                -0.16662931866531086,
                0.9396331277764849,
                0.42647206983579944,
                0.5005674309758289,
                0.563957415587702,
                -0.49950560967807756
            ]
        },
        {
            "contact_pose": [
                [
                    0.04358238684281805,
                    -0.002622076199859023,
                    0.005458999890834092
                ],
                [
                    0.18400694310616067,
                    -0.9829139728335202,
                    -0.004644017372096992
                ],
                [
                    5.569452423831445e-06,
                    0.004725734358877687,
                    -0.9999888336395317
                ],
                [
                    0.9829249436542485,
                    0.1840048625536714,
                    0.0008750422259171664
                ]
            ],
            "object_pose": [
                0.8036721906489653,
                -0.16636955439646625,
                0.940000276262655,
                -0.5429931893297554,
                0.5451245982510202,
                -0.4529472166463907,
                -0.45037360896865614
            ]
        },
        {
            "contact_pose": [
                [
                    0.0435768541378813,
                    -0.002634333553148381,
                    0.005458999890834037
                ],
                [
                    0.1840783292054749,
                    -0.9828736360314583,
                    -0.008636220887680596
                ],
                [
                    1.579985124317007e-06,
                    0.008786661910643978,
                    -0.9999613965398721
                ],
                [
                    0.9829115772613648,
                    0.18407120949993247,
                    0.001618986969528724
                ]
            ],
            "object_pose": [
                0.8038755681340513,
                -0.16636962504515712,
                0.9400145275673092,
                -0.5420877624050777,
                0.5460553658747638,
                -0.45402824564471544,
                -0.4492468668859201
            ]
        },
        {
            "contact_pose": [
                [
                    0.04357507005592824,
                    -0.0026382860724027163,
                    0.005458999890834092
                ],
                [
                    0.18406263814493984,
                    -0.982864789494976,
                    -0.009886900936155352
                ],
                [
                    -7.762621200196884e-06,
                    0.01005730614550937,
                    -0.9999494239874521
                ],
                [
                    0.9829145157025949,
                    0.18405340573891021,
                    0.0018435446947218659
                ]
            ],
            "object_pose": [
                0.8039391393037764,
                -0.16636925409535072,
                0.9400186466385602,
                -0.5417930283285202,
                0.5463396538089346,
                -0.454374771685237,
                -0.44890629755722256
            ]
        },
        {
            "contact_pose": [
                [
                    0.015008787494658213,
                    -0.006767358120363807,
                    0.013706424610394312
                ],
                [
                    0.2360139830923591,
                    -0.5795772506762538,
                    0.7799920578335621
                ],
                [
                    0.4785701346655028,
                    -0.6292550693106613,
                    -0.6123795260727434
                ],
                [
                    0.8457351985054913,
                    0.5178110352680697,
                    0.12885536761612898
                ]
            ],
            "object_pose": [
                0.7711092542550251,
                -0.149302155303916,
                0.9805163112959207,
                0.8331226241927318,
                -0.2545824241620997,
                0.21258353744109115,
                0.44260899445785945
            ]
        },
        {
            "contact_pose": [
                [
                    -0.04566200077533729,
                    0.040027000010013546,
                    0.018213000148534636
                ],
                [
                    -0.5488758952052828,
                    0.3716973723580226,
                    -0.7487164450209043
                ],
                [
                    0.6244007275625835,
                    0.7778158496160837,
                    -0.071597733939883
                ],
                [
                    0.5557508282332252,
                    -0.5067973633200467,
                    -0.6590124804963353
                ]
            ],
            "object_pose": [
                0.7987610368913878,
                -0.13465833092129145,
                1.0112227181555336,
                -0.3036803085572196,
                -0.39291168032341384,
                0.8485155472800033,
                0.1828115086206
            ]
        }
    ]
}