{
    "hook_path": "models/hook/Hook_90/base.urdf",
    "obj_path": "models/geo_data/mug/132/base.urdf",
    "hook_pose": [
        0.8,
        -0.2,
        1.0,
        4.329780281177466e-17,
        0.7071067811865475,
        0.7071067811865476,
        4.329780281177467e-17
    ],
    "contact_info": [
        {
            "contact_pose": [
                [
                    0.04238729909573032,
                    0.01468097650777072,
                    -0.003066000062972309
                ],
                [
                    0.15789455937863917,
                    -0.9165467118447113,
                    -0.3674390196009038
                ],
                [
                    8.220523838031735e-06,
                    -0.37210551465160163,
                    0.9281904362243181
                ],
                [
                    -0.987455977778781,
                    -0.1465592404883252,
                    -0.05874590178418304
                ]
            ],
            "object_pose": [
                0.799621182715883,
                -0.16456431483087083,
                0.937861729488405,
                0.3485720730475295,
                0.552465283657883,
                0.6152248533286564,
                -0.4413366063345481
            ]
        },
        {
            "contact_pose": [
                [
                    0.012992000207304922,
                    0.03239232060782098,
                    0.0240529999136925
                ],
                [
                    0.16775981908511306,
                    -0.8783437943431351,
                    0.44762576114365266
                ],
                [
                    0.0017174729767283486,
                    -0.45379966822520085,
                    -0.8911020768718205
                ],
                [
                    0.9858264012426856,
                    0.15025990835083675,
                    -0.0746208185112826
                ]
            ],
            "object_pose": [
                0.7993049114312607,
                -0.16396539781849634,
                0.9377857195131328,
                0.6323770913132484,
                -0.41860383246885585,
                0.3177388091979948,
                0.5691327568801693
            ]
        },
        {
            "contact_pose": [
                [
                    0.042323135350707385,
                    0.014849363655751228,
                    -0.003066000062972281
                ],
                [
                    0.15790811664792676,
                    -0.9197813025216278,
                    -0.3592594914937146
                ],
                [
                    9.935730109877916e-06,
                    -0.36382261778918484,
                    0.9314682510350558
                ],
                [
                    -0.9874538098554211,
                    -0.14708996674363084,
                    -0.05744140567022671
                ]
            ],
            "object_pose": [
                0.7989214774011539,
                -0.16456337603188786,
                0.9378599376108919,
                0.3513048809413144,
                0.5504905968815393,
                0.6136691686013432,
                -0.44379627632501784
            ]
        },
        {
            "contact_pose": [
                [
                    0.012992000207305144,
                    0.03319786301512866,
                    0.024052999913692443
                ],
                [
                    0.16022080902721264,
                    -0.885984763003969,
                    0.4351554803509511
                ],
                [
                    0.0012404877144062826,
                    -0.4406696648070952,
                    -0.8976684843019909
                ],
                [
                    0.9870804189856552,
                    0.14436497582032864,
                    -0.0695053969954858
                ]
            ],
            "object_pose": [
                0.8005171294836976,
                -0.16394565417850188,
                0.9376556822119395,
                0.6286415798938387,
                -0.42070447102300074,
                0.3246998735536891,
                0.567791778915523
            ]
        },
        {
            "contact_pose": [
                [
                    0.04163420193445796,
                    0.016890955316565585,
                    0.0031479999888688586
                ],
                [
                    0.15712229092567664,
                    -0.9219988925676885,
                    0.35387939725028217
                ],
                [
                    0.0010380032429223307,
                    -0.35817578477793316,
                    -0.9336535919429536
                ],
                [
                    0.9875786086401095,
                    0.14706511925901292,
                    -0.05532036201795493
                ]
            ],
            "object_pose": [
                0.8028037166479218,
                -0.16394053142320322,
                0.9378719860417642,
                0.6127769822195138,
                -0.44501340394582733,
                0.35358644160008,
                0.549039223268326
            ]
        },
        {
            "contact_pose": [
                [
                    0.04230469750629048,
                    0.014897750732209718,
                    -0.003066000062972309
                ],
                [
                    0.15802600501243053,
                    -0.9204962866808062,
                    -0.3573714705270395
                ],
                [
                    5.502477844809839e-06,
                    -0.36191817972661844,
                    0.9322098643294299
                ],
                [
                    -0.9874349506218292,
                    -0.14731536712175863,
                    -0.057187419073144674
                ]
            ],
            "object_pose": [
                0.7987492214413802,
                -0.1645631941058084,
                0.9378614626085051,
                0.35189439638513953,
                0.5500115000905518,
                0.6133295077131548,
                -0.4443923925195149
            ]
        },
        {
            "contact_pose": [
                [
                    0.04159310060778051,
                    0.016765219225662924,
                    -0.003066000062972281
                ],
                [
                    0.159762036826538,
                    -0.900002522657589,
                    -0.4055509225720143
                ],
                [
                    -1.6550452702379648e-05,
                    -0.41083021897925404,
                    0.9117118683550964
                ],
                [
                    -0.9871555557839495,
                    -0.1456502330359763,
                    -0.0656499680232015
                ]
            ],
            "object_pose": [
                0.7995564735583071,
                -0.16456092293858976,
                0.9378014004257662,
                0.33495607694864526,
                0.5612301755939225,
                0.6227328089066948,
                -0.4301499334292243
            ]
        },
        {
            "contact_pose": [
                [
                    0.013957457860145317,
                    0.0328993626947443,
                    0.02276648223338251
                ],
                [
                    0.15898135282739712,
                    -0.8997671559576361,
                    0.4063791265715772
                ],
                [
                    0.0011627410544305244,
                    -0.41144328253363266,
                    -0.9114346237065993
                ],
                [
                    0.9872809010035652,
                    0.14537362318473307,
                    -0.0643656134572817
                ]
            ],
            "object_pose": [
                0.801047489457083,
                -0.1639435989314756,
                0.9377655420303471,
                0.6230801495013987,
                -0.4294856678513049,
                0.3351902412429844,
                0.5612135873115542
            ]
        },
        {
            "contact_pose": [
                [
                    0.04140333447470753,
                    0.017525687230530877,
                    0.0031479999888688447
                ],
                [
                    0.15974020750756068,
                    -0.9099979493322908,
                    0.38260527742892786
                ],
                [
                    0.0012180219277038162,
                    -0.3874001990673311,
                    -0.9219108428612692
                ],
                [
                    0.987158337111137,
                    0.147732250959693,
                    -0.06077499073103354
                ]
            ],
            "object_pose": [
                0.8026013741852549,
                -0.16394499177541247,
                0.9377961159748903,
                0.6187801609449686,
                -0.437009425414104,
                0.3431036627387862,
                0.5553501158146839
            ]
        },
        {
            "contact_pose": [
                [
                    0.04187941460682928,
                    0.01621678361202549,
                    0.003147999988868803
                ],
                [
                    0.15795643314929841,
                    -0.9160891418574588,
                    0.36855182728839647
                ],
                [
                    0.0010961973186582735,
                    -0.3730745081198029,
                    -0.9278007381666635
                ],
                [
                    0.9874454737240886,
                    0.14695610079895244,
                    -0.05792530414057695
                ]
            ],
            "object_pose": [
                0.8020725754444046,
                -0.16394188060249887,
                0.9378645429590954,
                0.615752410755737,
                -0.4408253838516725,
                0.34842081928011615,
                0.5523811024036724
            ]
        }
    ]
}