{
    "hook_path": "models/hook/Hook_90/base.urdf",
    "obj_path": "models/geo_data/mug/181/base.urdf",
    "hook_pose": [
        0.8,
        -0.2,
        1.0,
        4.329780281177466e-17,
        0.7071067811865475,
        0.7071067811865476,
        4.329780281177467e-17
    ],
    "contact_info": [
        {
            "contact_pose": [
                [
                    0.0185314197795033,
                    0.03407965110631988,
                    0.023839292948845934
                ],
                [
                    0.2708287936345719,
                    -0.8660028266126734,
                    0.4203461297993625
                ],
                [
                    -0.10639613553671745,
                    -0.4609192071057999,
                    -0.8810410585573258
                ],
                [
                    0.9567296519295798,
                    0.1938880832331392,
                    -0.2169695469389296
                ]
            ],
            "object_pose": [
                0.8035963948484455,
                -0.16470527432096635,
                0.9380568222967881,
                0.6139702919310885,
                -0.46902507634733515,
                0.26427715159978404,
                0.577246520583481
            ]
        },
        {
            "contact_pose": [
                [
                    0.018596888475985795,
                    0.034232301933118096,
                    0.023762948212803395
                ],
                [
                    0.26970158551817436,
                    -0.8687335891855124,
                    0.41540703627868464
                ],
                [
                    -0.1043365459473201,
                    -0.45521656859139886,
                    -0.884246436724319
                ],
                [
                    0.9572747463235232,
                    0.19514053064581383,
                    -0.21341329234727763
                ]
            ],
            "object_pose": [
                0.8039057090823997,
                -0.16471387118808511,
                0.9380768975335929,
                0.6136389453451391,
                -0.4701249941011564,
                0.26698121990515616,
                0.5754570035155083
            ]
        },
        {
            "contact_pose": [
                [
                    0.018663815099283564,
                    0.03438835215146823,
                    0.023684903350687573
                ],
                [
                    0.26798361249330727,
                    -0.8717275937246947,
                    0.41021431688081156
                ],
                [
                    -0.10196989021126152,
                    -0.4490606673036495,
                    -0.8876635953845942
                ],
                [
                    0.9580119649176311,
                    0.19604978811453697,
                    -0.2092308668789214
                ]
            ],
            "object_pose": [
                0.8042275803542693,
                -0.16472265474187298,
                0.9380953538044463,
                0.6132483621633422,
                -0.47111711957988406,
                0.27007684313607405,
                0.5736145088335755
            ]
        },
        {
            "contact_pose": [
                [
                    0.04548700153827674,
                    0.011857000179588677,
                    -0.0043130000121891195
                ],
                [
                    0.2175362138996294,
                    -0.9278301754344971,
                    -0.30300026599890095
                ],
                [
                    -0.08637725171486998,
                    -0.32751657170548226,
                    0.9408888699758721
                ],
                [
                    -0.9722226936398886,
                    -0.17850507222899228,
                    -0.15139013561035464
                ]
            ],
            "object_pose": [
                0.7991351320189836,
                -0.16453008983021938,
                0.9398199966093711,
                0.3286781898975184,
                0.550198247335626,
                0.5905777016009458,
                -0.490377930260162
            ]
        },
        {
            "contact_pose": [
                [
                    0.01619073408649464,
                    0.03421702474804788,
                    -0.026827030499029816
                ],
                [
                    0.27046406372028525,
                    -0.8371659644552093,
                    -0.4753970321675229
                ],
                [
                    -0.12506295838433257,
                    -0.5201688201776401,
                    0.8448571802116382
                ],
                [
                    -0.9545723894373167,
                    -0.16904894697329897,
                    -0.2453854250992723
                ]
            ],
            "object_pose": [
                0.8005168732484823,
                -0.16443979913470608,
                0.9380799429005308,
                0.2400474236868861,
                0.5982079578997919,
                0.6163162785365338,
                -0.45241432149913996
            ]
        },
        {
            "contact_pose": [
                [
                    0.016072257565020242,
                    0.0337434681582821,
                    -0.02694536720903967
                ],
                [
                    0.2713306811242832,
                    -0.833321015066818,
                    -0.48161784365681554
                ],
                [
                    -0.1263474687600516,
                    -0.5268973646423913,
                    0.8404852671349039
                ],
                [
                    -0.9541572085450911,
                    -0.16719824455092572,
                    -0.24825142174925907
                ]
            ],
            "object_pose": [
                0.8011758218324897,
                -0.1644200130188897,
                0.9381871608138387,
                0.23708460675052656,
                0.6001597845294913,
                0.6169417759091391,
                -0.45053520108149203
            ]
        },
        {
            "contact_pose": [
                [
                    0.01611747065900444,
                    0.03392418715925804,
                    -0.0269002074700054
                ],
                [
                    0.2712577272486855,
                    -0.834373259202664,
                    -0.4798338355466423
                ],
                [
                    -0.12641987827922935,
                    -0.5250915307083707,
                    0.8416037658864208
                ],
                [
                    -0.9541683602927437,
                    -0.1676309896942231,
                    -0.2479165010853306
                ]
            ],
            "object_pose": [
                0.8009292472655791,
                -0.16441852261751394,
                0.9381327507688666,
                0.2377579107411074,
                0.5997129988860607,
                0.6166532548689004,
                -0.451169877215559
            ]
        },
        {
            "contact_pose": [
                [
                    0.04570686284345922,
                    0.014360206556272508,
                    0.005924350058252067
                ],
                [
                    0.22825615008847916,
                    -0.9220080606795429,
                    0.31273034069104
                ],
                [
                    -0.07531443201740466,
                    -0.33696884164025387,
                    -0.9384986606775318
                ],
                [
                    0.9706837107300612,
                    0.1906649831656923,
                    -0.1463557238981273
                ]
            ],
            "object_pose": [
                0.8024424279064899,
                -0.1644310640890627,
                0.9395375685291827,
                0.5975116927390056,
                -0.48817237593191837,
                0.3245343757315483,
                0.5471242522368096
            ]
        },
        {
            "contact_pose": [
                [
                    0.018710793032147132,
                    0.034497888780089185,
                    0.023630121171157568
                ],
                [
                    0.2648152643396877,
                    -0.874656294213811,
                    0.4060163084961797
                ],
                [
                    -0.09943101631211991,
                    -0.4435710817476629,
                    -0.8907065557367069
                ],
                [
                    0.9591591884394585,
                    0.19550207781343854,
                    -0.20443235752392042
                ]
            ],
            "object_pose": [
                0.8044831368247183,
                -0.1647284198479108,
                0.9380968881483829,
                0.6127983701833537,
                -0.4714119179733842,
                0.27342759433635355,
                0.572264197507336
            ]
        },
        {
            "contact_pose": [
                [
                    0.04157940362004682,
                    -0.006749505120309258,
                    0.00424035459803786
                ],
                [
                    0.1941962469879237,
                    -0.980107872621161,
                    -0.040943567038395745
                ],
                [
                    -0.09472955165994557,
                    0.02280629044336019,
                    -0.995241772213425
                ],
                [
                    0.9763780669894788,
                    0.19715078275836329,
                    -0.08841628333996843
                ]
            ],
            "object_pose": [
                0.7993059169908452,
                -0.1646374524003401,
                0.945917259208787,
                -0.5151401906423198,
                0.5772399634157152,
                -0.4327421959492993,
                -0.4627729469899863
            ]
        }
    ]
}