{
    "hook_path": "models/hook/Hook_90/base.urdf",
    "obj_path": "models/geo_data/mug/67/base.urdf",
    "hook_pose": [
        0.8,
        -0.2,
        1.0,
        4.329780281177466e-17,
        0.7071067811865475,
        0.7071067811865476,
        4.329780281177467e-17
    ],
    "contact_info": [
        {
            "contact_pose": [
                [
                    0.042083002235048794,
                    0.009219094095036665,
                    0.0024010010097724674
                ],
                [
                    0.12070321680446211,
                    -0.9681371056199705,
                    -0.21941120795173868
                ],
                [
                    1.8597916779383716e-05,
                    -0.2210250123207148,
                    0.9752681393251525
                ],
                [
                    -0.9926886385504633,
                    -0.11772208225483419,
                    -0.026660424648034864
                ]
            ],
            "object_pose": [
                0.8014758354265182,
                -0.1647995936626957,
                0.9369531020996775,
                0.40708884402247086,
                0.524802469454014,
                0.5781764194697308,
                -0.4738914106592132
            ]
        },
        {
            "contact_pose": [
                [
                    0.04210755184676296,
                    0.009186369730794489,
                    0.0023986642800093508
                ],
                [
                    0.12079506124252382,
                    -0.9708334560505305,
                    -0.20710131286980726
                ],
                [
                    -5.543048220701952e-06,
                    -0.2086296653472538,
                    0.9779947150707756
                ],
                [
                    -0.9926774668283197,
                    -0.11813578352927517,
                    -0.025206814579289916
                ]
            ],
            "object_pose": [
                0.8007901550872776,
                -0.16479574481315626,
                0.9369412324129984,
                0.410718078660015,
                0.5217688837954868,
                0.5755935096382824,
                -0.477242080528239
            ]
        },
        {
            "contact_pose": [
                [
                    0.043699607405140006,
                    0.0025233142398070427,
                    0.002252169083643625
                ],
                [
                    0.12064746313136937,
                    -0.9629678338174744,
                    -0.24111644629275236
                ],
                [
                    -2.8773309648233436e-06,
                    -0.24289100067129377,
                    0.9700535870685796
                ],
                [
                    -0.9926954163446539,
                    -0.11703381060949203,
                    -0.02930695382559767
                ]
            ],
            "object_pose": [
                0.8027034775376534,
                -0.16479557408944412,
                0.9370059005964241,
                0.40057672978057235,
                0.5301144954192031,
                0.5826979019121485,
                -0.46795305364098877
            ]
        },
        {
            "contact_pose": [
                [
                    0.0441402345118298,
                    0.0032580825202411044,
                    0.0025462039471107548
                ],
                [
                    0.11943251465993981,
                    -0.9721152377548401,
                    0.20181139454166996
                ],
                [
                    -2.830209495705005e-05,
                    -0.20326964293049854,
                    -0.979122796926871
                ],
                [
                    0.9928423206335406,
                    0.11693338611259818,
                    -0.024304517506985646
                ]
            ],
            "object_pose": [
                0.7993930851923733,
                -0.16543520393726602,
                0.9367626329359098,
                0.5741769062230104,
                -0.4783174400086947,
                0.4126823588581097,
                0.5207941797207484
            ]
        },
        {
            "contact_pose": [
                [
                    0.04414728346292418,
                    0.00326983700741538,
                    0.0025509077824878643
                ],
                [
                    0.11944441108279069,
                    -0.9715611628916304,
                    0.2044552259585153
                ],
                [
                    -1.4911796466787752e-06,
                    -0.2059296734585992,
                    -0.978566793625765
                ],
                [
                    0.9928408899007239,
                    0.11688402949033264,
                    -0.024598597342965323
                ]
            ],
            "object_pose": [
                0.7992495112688667,
                -0.16543524768906226,
                0.9367610491573275,
                0.574747284523642,
                -0.47760608630739404,
                0.4119038884774897,
                0.5214337656039905
            ]
        }
    ]
}