{
    "hook_path": "models/hook/Hook_90/base.urdf",
    "obj_path": "models/geo_data/mug/149/base.urdf",
    "hook_pose": [
        0.8,
        -0.2,
        1.0,
        4.329780281177466e-17,
        0.7071067811865475,
        0.7071067811865476,
        4.329780281177467e-17
    ],
    "contact_info": [
        {
            "contact_pose": [
                [
                    0.01537256560647446,
                    0.029696675913061667,
                    -0.02067833598035201
                ],
                [
                    0.2278514581196165,
                    -0.9033821034663261,
                    -0.36329669441039636
                ],
                [
                    2.0513294781920877e-05,
                    -0.37310658950103837,
                    0.9277884847583033
                ],
                [
                    -0.9736959035612553,
                    -0.21140541149095474,
                    -0.08499434910845971
                ]
            ],
            "object_pose": [
                0.8006582559058244,
                -0.16488017388640397,
                0.9400509511404246,
                0.32608220106034264,
                0.5366262129323958,
                0.6274397618887675,
                -0.46045852250386693
            ]
        },
        {
            "contact_pose": [
                [
                    0.04554799944162366,
                    0.0016420000465587684,
                    -0.0069699999876320345
                ],
                [
                    0.2080396701342389,
                    -0.959047164316019,
                    -0.1922187094635712
                ],
                [
                    -9.950689473292584e-06,
                    -0.19652053199039088,
                    0.9804997095395789
                ],
                [
                    -0.9781203890889003,
                    -0.20398092343064206,
                    -0.04089360983040846
                ]
            ],
            "object_pose": [
                0.8002007871344278,
                -0.16488051786873667,
                0.9387445903592495,
                -0.3885197602491776,
                -0.497053250850048,
                -0.5908023532038317,
                0.5029344302830501
            ]
        },
        {
            "contact_pose": [
                [
                    0.04526813041404795,
                    0.0012608010313702525,
                    0.00768799986690283
                ],
                [
                    0.2005074815243738,
                    -0.9726088728513476,
                    0.11759562195755585
                ],
                [
                    -3.551125112685738e-05,
                    -0.120040451640406,
                    -0.9927690006788682
                ],
                [
                    0.979692170322752,
                    0.19905343609392645,
                    -0.024103547197398212
                ]
            ],
            "object_pose": [
                0.8030639545396325,
                -0.16396799513653665,
                0.9390668833534918,
                0.5737189091359016,
                -0.5199743564320017,
                0.41331447793943504,
                0.4792122956255287
            ]
        },
        {
            "contact_pose": [
                [
                    0.04554799944162355,
                    0.0016420000465586573,
                    -0.006969999987632007
                ],
                [
                    0.2078581423291584,
                    -0.9525498065008229,
                    -0.2223597508604382
                ],
                [
                    3.0734477962035545e-05,
                    -0.22731839491179812,
                    0.9738204898183831
                ],
                [
                    -0.9781589808016196,
                    -0.20242335208658266,
                    -0.047220703162576705
                ]
            ],
            "object_pose": [
                0.8021247661125052,
                -0.16488200453758498,
                0.9387204085182169,
                0.3792254051124941,
                0.5049518948117467,
                0.5968278305811867,
                -0.4949830468683201
            ]
        },
        {
            "contact_pose": [
                [
                    0.04554799944162355,
                    0.0016420000465586573,
                    -0.006969999987632062
                ],
                [
                    0.20802841263170307,
                    -0.9590839315952732,
                    -0.1920473683591826
                ],
                [
                    3.889118969424565e-06,
                    -0.19634199131675512,
                    0.9805354773952069
                ],
                [
                    -0.9781227834596272,
                    -0.2039799857866573,
                    -0.04084098279506054
                ]
            ],
            "object_pose": [
                0.8001925213311782,
                -0.16488087572542365,
                0.9387442289543917,
                -0.3885796362951646,
                -0.4970069148044009,
                -0.5907688302679842,
                0.5029733413185299
            ]
        },
        {
            "contact_pose": [
                [
                    0.04449515840680393,
                    0.007046380053291591,
                    0.00768799986690283
                ],
                [
                    0.20769040325379134,
                    -0.9584341500742752,
                    0.19562381339622048
                ],
                [
                    4.820831492169386e-06,
                    -0.1999835515757611,
                    -0.9797992544781327
                ],
                [
                    0.9781946106849277,
                    0.20349584533976767,
                    -0.041530044021361345
                ]
            ],
            "object_pose": [
                0.8010915216267027,
                -0.16396559603974808,
                0.9395076313042072,
                0.5914229619247718,
                -0.5019629496068547,
                0.38758391417069415,
                0.4980268936576018
            ]
        },
        {
            "contact_pose": [
                [
                    0.027377328769894932,
                    -0.021323121405703437,
                    0.008212000131607085
                ],
                [
                    0.660730369405513,
                    -0.562962011164371,
                    0.4964968810889157
                ],
                [
                    -0.3874646695264992,
                    -0.8223058320760601,
                    -0.4167544221750012
                ],
                [
                    0.6428891885962735,
                    0.08298730336301528,
                    -0.7614503258036993
                ]
            ],
            "object_pose": [
                0.7848718550936813,
                -0.13090995147759404,
                0.9790461334580821,
                0.545898231112135,
                -0.4934458156172263,
                -0.09089987076664302,
                0.6710019089489239
            ]
        },
        {
            "contact_pose": [
                [
                    0.018324000760912812,
                    0.0005804969427427378,
                    -0.01430100016295907
                ],
                [
                    0.6584426046309394,
                    -0.4840094860442284,
                    -0.5763576613753187
                ],
                [
                    0.06096363107449332,
                    -0.7289754281535917,
                    0.681819815519101
                ],
                [
                    -0.7501578314548464,
                    -0.48407607105442607,
                    -0.4504815038816496
                ]
            ],
            "object_pose": [
                0.809861953191648,
                -0.13039258689341576,
                0.9783684417451678,
                0.011509763732898961,
                0.5077691304240539,
                0.7282508777035971,
                -0.46009639712907285
            ]
        },
        {
            "contact_pose": [
                [
                    0.0444819128752921,
                    0.007078543381196935,
                    0.00768799986690283
                ],
                [
                    0.20785812674976595,
                    -0.9569559818159241,
                    0.20255924568085978
                ],
                [
                    1.5199458026804447e-05,
                    -0.20707896977751833,
                    -0.9783242305314013
                ],
                [
                    0.9781589844769891,
                    0.20335572070291583,
                    -0.04302850153494725
                ]
            ],
            "object_pose": [
                0.8007351838828177,
                -0.163965373338757,
                0.9395027063979585,
                0.592859630486383,
                -0.5001952807564335,
                0.38538948904784986,
                0.4997970401872937
            ]
        },
        {
            "contact_pose": [
                [
                    0.04437144929559608,
                    0.0073467754511769914,
                    0.00768799986690283
                ],
                [
                    0.20834147123768043,
                    -0.9602458101471868,
                    0.18580047216649365
                ],
                [
                    1.713435016051368e-05,
                    -0.18996554284087364,
                    -0.9817907578703248
                ],
                [
                    0.9780561492414089,
                    0.20455091451261076,
                    -0.03956124749198098
                ]
            ],
            "object_pose": [
                0.8019634383536058,
                -0.16395715927990062,
                0.9396023765635512,
                0.5895694448131757,
                -0.5046615965169028,
                0.3904054775714143,
                0.4952858829261446
            ]
        }
    ]
}