{
    "hook_path": "models/hook/Hook_90/base.urdf",
    "obj_path": "models/geo_data/mug/73/base.urdf",
    "hook_pose": [
        0.8,
        -0.2,
        1.0,
        4.329780281177466e-17,
        0.7071067811865475,
        0.7071067811865476,
        4.329780281177467e-17
    ],
    "contact_info": [
        {
            "contact_pose": [
                [
                    0.016969999298453248,
                    0.04275771717330136,
                    -0.025852000340819324
                ],
                [
                    0.2642096591345076,
                    -0.9568245535451614,
                    -0.12116117263021703
                ],
                [
                    -0.0002572315671890979,
                    -0.12569513574371693,
                    0.9920688820249777
                ],
                [
                    -0.96446523517022,
                    -0.26208301467945333,
                    -0.03345599444914654
                ]
            ],
            "object_pose": [
                0.7799781555723656,
                -0.16180729798116925,
                0.9471895424323233,
                -0.39258711807799435,
                -0.4635017231677657,
                -0.5880023290222754,
                0.5341299171588372
            ]
        },
        {
            "contact_pose": [
                [
                    0.016969999298453248,
                    0.0427901411592856,
                    -0.02585200034081938
                ],
                [
                    0.2640153174501606,
                    -0.9568968414748384,
                    -0.12101382948725106
                ],
                [
                    -0.00012597442073841725,
                    -0.12549974564859823,
                    0.9920936437517293
                ],
                [
                    -0.9645184789739059,
                    -0.26191267364832826,
                    -0.033254399712640215
                ]
            ],
            "object_pose": [
                0.7799458476164739,
                -0.1618150993536305,
                0.9471864027656238,
                -0.3927300352798607,
                -0.4634725262244952,
                -0.5879626962475684,
                0.5340938163332861
            ]
        },
        {
            "contact_pose": [
                [
                    0.01696999929845336,
                    0.042797161411979326,
                    -0.025852000340819324
                ],
                [
                    0.2638180581922569,
                    -0.9569753803538219,
                    -0.12082281890572202
                ],
                [
                    -1.089045996849336e-05,
                    -0.12526344497384323,
                    0.9921235151102321
                ],
                [
                    -0.9645724607581667,
                    -0.26173878342718504,
                    -0.033057180717542545
                ]
            ],
            "object_pose": [
                0.7799375584047958,
                -0.16182320765674604,
                0.9471844463212657,
                -0.3928827774308529,
                -0.46343686893106206,
                -0.5879095831573378,
                0.5340708883147984
            ]
        },
        {
            "contact_pose": [
                [
                    0.01696999929845336,
                    0.026344340810752116,
                    -0.025852000340819352
                ],
                [
                    0.2637105243354242,
                    -0.9570185226125929,
                    -0.12071580978125859
                ],
                [
                    5.14993933847796e-06,
                    -0.12514433846007855,
                    0.9921385460331974
                ],
                [
                    -0.9646018657084452,
                    -0.26163799786689756,
                    -0.03299695052557988
                ]
            ],
            "object_pose": [
                0.7962584596978046,
                -0.16182478398866396,
                0.9492471024981455,
                -0.3929539865846834,
                -0.46343086376908,
                -0.5878688113830105,
                0.5340685906665689
            ]
        },
        {
            "contact_pose": [
                [
                    0.01696600019931796,
                    -0.0398807052293738,
                    0.026852557936956907
                ],
                [
                    0.2640404693692865,
                    -0.9569210281285458,
                    -0.12076744785186891
                ],
                [
                    0.0012070676849900708,
                    0.12553872809331923,
                    -0.9920879853804881
                ],
                [
                    0.9645108467626743,
                    0.2618056028317932,
                    0.034302373139924736
                ]
            ],
            "object_pose": [
                0.7937941190002201,
                -0.16237193355577612,
                0.948793942952366,
                -0.5343793649330302,
                0.5876576348093063,
                -0.46372645835262244,
                -0.3924983699429043
            ]
        },
        {
            "contact_pose": [
                [
                    0.01690400437242759,
                    0.04291527915917105,
                    0.027003880840119156
                ],
                [
                    0.26669202932949715,
                    -0.9559936083894796,
                    0.12227666257539574
                ],
                [
                    0.0011461372472242326,
                    -0.12655704876304646,
                    -0.9919586683818022
                ],
                [
                    0.9637811203076792,
                    0.26468761611917246,
                    -0.03265605627788554
                ]
            ],
            "object_pose": [
                0.8200756604272137,
                -0.16233643286922927,
                0.9470395413087733,
                0.5890904887922127,
                -0.534149982752165,
                0.3918487777678578,
                0.46272100374010444
            ]
        },
        {
            "contact_pose": [
                [
                    0.014715337179179305,
                    0.027091014414227916,
                    0.03033697449275622
                ],
                [
                    0.431546248005797,
                    -0.807020381053769,
                    0.40309544824513754
                ],
                [
                    -0.10527269859805602,
                    -0.48884597487196135,
                    -0.8659949605981345
                ],
                [
                    0.8959271704563949,
                    0.3312819304086943,
                    -0.29591685964589276
                ]
            ],
            "object_pose": [
                0.801562810332274,
                -0.15665047861922726,
                0.9477412896396553,
                0.6381819254835912,
                -0.5082959720383422,
                0.20021858227204592,
                0.5424680212774066
            ]
        },
        {
            "contact_pose": [
                [
                    0.01696999929845336,
                    -0.03310740876665484,
                    -0.025852000340819352
                ],
                [
                    0.26368997307967407,
                    -0.956907354464063,
                    0.12163845226666353
                ],
                [
                    -1.995092721163161e-05,
                    0.12609609131210286,
                    0.992018031770477
                ],
                [
                    -0.9646074837462136,
                    -0.26158763489201553,
                    0.03323118373456335
                ]
            ],
            "object_pose": [
                0.7995057835106764,
                -0.16182567885250168,
                0.9497553465589533,
                -0.46368924573668857,
                -0.3926811250138377,
                -0.5338373421975416,
                0.5880574032536898
            ]
        }
    ]
}