{
    "hook_path": "models/hook/Hook_90/base.urdf",
    "obj_path": "models/geo_data/mug/128/base.urdf",
    "hook_pose": [
        0.8,
        -0.2,
        1.0,
        4.329780281177466e-17,
        0.7071067811865475,
        0.7071067811865476,
        4.329780281177467e-17
    ],
    "contact_info": [
        {
            "contact_pose": [
                [
                    0.009524792030382794,
                    0.030365144279427003,
                    0.02294175376818868
                ],
                [
                    0.15667095888939686,
                    -0.92059846728565,
                    0.35770472833328376
                ],
                [
                    -0.00524165705810499,
                    -0.36294724141073187,
                    -0.9317949479277212
                ],
                [
                    0.9876369452749131,
                    0.144110242466146,
                    -0.061688753791809214
                ]
            ],
            "object_pose": [
                0.8001256699534632,
                -0.1663825716278397,
                0.9440154878138397,
                0.6116725663582855,
                -0.4448727827118015,
                0.3510496304450643,
                0.5520045613319791
            ]
        },
        {
            "contact_pose": [
                [
                    0.03860695798691492,
                    0.004167255864399709,
                    0.002505662056791305
                ],
                [
                    0.14287694926935335,
                    -0.964048649158085,
                    0.2240454851675319
                ],
                [
                    1.7812904841152388e-06,
                    -0.22636766547772258,
                    -0.9740419292941107
                ],
                [
                    0.98974045959752,
                    0.13916853840806845,
                    -0.0323410042059975
                ]
            ],
            "object_pose": [
                0.8001549086175962,
                -0.1665658104495367,
                0.943260273231286,
                0.5837841649244361,
                -0.47830985562448236,
                0.39899491153236655,
                0.520786704291925
            ]
        },
        {
            "contact_pose": [
                [
                    0.03896579033140633,
                    0.004845050272046523,
                    0.0025455323006204813
                ],
                [
                    0.14318267201720702,
                    -0.9593303526507648,
                    0.24327761285611982
                ],
                [
                    7.129910726488831e-06,
                    -0.2458093747870571,
                    -0.9693181888399497
                ],
                [
                    0.9896962778464802,
                    0.13879130286064512,
                    -0.03518880314911832
                ]
            ],
            "object_pose": [
                0.799285056668241,
                -0.16656285979925312,
                0.9432775298182613,
                0.5878086520347185,
                -0.4731560419390729,
                0.3930452309194075,
                0.5254710220565803
            ]
        },
        {
            "contact_pose": [
                [
                    0.009207768731366622,
                    0.03043853168495376,
                    0.023322438064485286
                ],
                [
                    0.17857493018128034,
                    -0.9028507775822812,
                    0.3911156705244899
                ],
                [
                    -0.02312377110525575,
                    -0.40124621921708337,
                    -0.9156783074714986
                ],
                [
                    0.9836545559903755,
                    0.15447312058434892,
                    -0.09252983030520823
                ]
            ],
            "object_pose": [
                0.799891459298257,
                -0.1658477994914884,
                0.944118952886761,
                0.6169410466170133,
                -0.4434188824252737,
                0.32836239042630383,
                0.5611965611631536
            ]
        },
        {
            "contact_pose": [
                [
                    0.03899605963222373,
                    0.004862169577658291,
                    -0.0028078812910435434
                ],
                [
                    0.14239845107550425,
                    -0.9616600138675555,
                    -0.234377257556168
                ],
                [
                    2.6161351906028862e-05,
                    -0.2367866320124974,
                    0.9715616759710943
                ],
                [
                    -0.9898094162245987,
                    -0.13835500940851855,
                    -0.03369289130792835
                ]
            ],
            "object_pose": [
                0.8003406517090469,
                -0.1658923756500545,
                0.9432576806795134,
                0.3960094362471744,
                0.5234491586572051,
                0.5858238703562259,
                -0.47538184402132055
            ]
        },
        {
            "contact_pose": [
                [
                    0.039014835622244934,
                    0.004899719041631122,
                    -0.002810384420354259
                ],
                [
                    0.14303119243156381,
                    -0.9530227600043946,
                    -0.26700130506274883
                ],
                [
                    -1.0138474072218795e-05,
                    -0.26977649446194085,
                    0.9629229683277046
                ],
                [
                    -0.989718181043885,
                    -0.13772531339384392,
                    -0.03859611588944106
                ]
            ],
            "object_pose": [
                0.8020106012820838,
                -0.16589392679353016,
                0.943340899821627,
                0.38576652364783254,
                0.5313393760448629,
                0.5926036786889111,
                -0.4665656831586436
            ]
        },
        {
            "contact_pose": [
                [
                    0.03886885089949242,
                    0.004661942461838607,
                    0.0025347612571335245
                ],
                [
                    0.14284928611411468,
                    -0.9618452725574164,
                    0.23334042323531795
                ],
                [
                    1.3784396065086302e-05,
                    -0.23575631973823852,
                    -0.9718122028012779
                ],
                [
                    0.9897444525061397,
                    0.1388258958639596,
                    -0.033664363515308104
                ]
            ],
            "object_pose": [
                0.7995050146097095,
                -0.16656199232885818,
                0.9432247949270556,
                0.5857004574642534,
                -0.47578138052906627,
                0.39618413184300666,
                0.5230919476954538
            ]
        },
        {
            "contact_pose": [
                [
                    0.008757948317904201,
                    0.031392176559899905,
                    0.02378205166304618
                ],
                [
                    0.18355120237948053,
                    -0.9048552108561512,
                    0.38411717416892127
                ],
                [
                    -0.025688892717053283,
                    -0.39503796474045283,
                    -0.9183055522018218
                ],
                [
                    0.9826744307734984,
                    0.158688543380394,
                    -0.0957544218498032
                ]
            ],
            "object_pose": [
                0.8011219836700118,
                -0.16576526330613822,
                0.9441458207792319,
                0.6158564818267853,
                -0.44728633500491777,
                0.32844534923394464,
                0.5592668244017297
            ]
        },
        {
            "contact_pose": [
                [
                    0.03900683646527779,
                    0.00488372179962072,
                    -0.002809318009249254
                ],
                [
                    0.1424523451149185,
                    -0.9592235665795907,
                    -0.24412594841513574
                ],
                [
                    -1.9578861242264267e-06,
                    -0.24664155271381955,
                    0.9691067766098238
                ],
                [
                    -0.9898016616309688,
                    -0.13805105502402182,
                    -0.035136545637379446
                ]
            ],
            "object_pose": [
                0.8008371088305672,
                -0.1658909259774815,
                0.9432593835405874,
                0.3930079638743718,
                0.5258509416358494,
                0.5878297044112847,
                -0.47273858116696227
            ]
        },
        {
            "contact_pose": [
                [
                    0.03869160727770325,
                    0.004253305666648398,
                    -0.0027672930924208337
                ],
                [
                    0.14212716392615743,
                    -0.9661523630554669,
                    -0.21528929522074386
                ],
                [
                    5.463766094615519e-06,
                    -0.21749647288171903,
                    0.9760611068238296
                ],
                [
                    -0.9898484072040803,
                    -0.1387259732218488,
                    -0.030906878024097584
                ]
            ],
            "object_pose": [
                0.799418665894988,
                -0.16589645096550595,
                0.9432583196888161,
                0.40186757623734154,
                0.5187865308180236,
                0.5818119825615247,
                -0.4804766420532351
            ]
        }
    ]
}