{
    "hook_path": "models/hook/Hook_90/base.urdf",
    "obj_path": "models/geo_data/mug/80/base.urdf",
    "hook_pose": [
        0.8,
        -0.2,
        1.0,
        4.329780281177466e-17,
        0.7071067811865475,
        0.7071067811865476,
        4.329780281177467e-17
    ],
    "contact_info": [
        {
            "contact_pose": [
                [
                    0.010427000001073015,
                    0.0068816958983193705,
                    0.004391606700435792
                ],
                [
                    0.060650929342511484,
                    -0.9326702505796594,
                    0.3555948093737661
                ],
                [
                    -0.05426703669585797,
                    -0.3588048382269407,
                    -0.9318337710091801
                ],
                [
                    0.996682774757415,
                    0.03721950763530102,
                    -0.07237509760439492
                ]
            ],
            "object_pose": [
                0.7982862332702516,
                -0.16186782816976392,
                0.9570762955045233,
                0.5784780203934305,
                -0.42892066135749185,
                0.37179249800630554,
                0.585799099187239
            ]
        },
        {
            "contact_pose": [
                [
                    -0.011511470569142458,
                    0.03881099820137017,
                    -0.022568843207508675
                ],
                [
                    0.35382608469441446,
                    -0.42665212994467505,
                    0.8323311010670531
                ],
                [
                    0.6130802117969085,
                    0.7778556193180195,
                    0.13810608023703352
                ],
                [
                    -0.7063566773896024,
                    0.4614201940845808,
                    0.5367975864309273
                ]
            ],
            "object_pose": [
                0.7998537572432702,
                -0.14405557728875568,
                1.0147891367565562,
                0.8524716281127106,
                -0.0632631038216967,
                0.2825459770750924,
                -0.43526735898340796
            ]
        },
        {
            "contact_pose": [
                [
                    0.03885899856686583,
                    0.021748999133706134,
                    -0.004511000122874954
                ],
                [
                    0.04536686875696533,
                    -0.9493174158597495,
                    0.3110277980575941
                ],
                [
                    0.013346085784956052,
                    -0.3107446087718034,
                    -0.9503997422734705
                ],
                [
                    0.9988812387933856,
                    0.047267664048756874,
                    -0.0014278382138678825
                ]
            ],
            "object_pose": [
                0.8012150124312798,
                -0.16980105861843828,
                0.9296194273252986,
                0.585585507823432,
                -0.4251158019311346,
                0.40467598881037065,
                0.5591095707068251
            ]
        },
        {
            "contact_pose": [
                [
                    0.04256054444149295,
                    0.013569102000563757,
                    0.0044940002262592385
                ],
                [
                    0.06667604109392766,
                    -0.9361248560104756,
                    -0.3452890955466263
                ],
                [
                    -0.004435692477378128,
                    -0.3463338688721142,
                    0.9381008346144456
                ],
                [
                    -0.997764817066771,
                    -0.06101725355536375,
                    -0.027244533254828396
                ]
            ],
            "object_pose": [
                0.8011257290222807,
                -0.17072710294310578,
                0.9295191352822121,
                0.38381569744495597,
                0.5676062751742269,
                0.5920030947183916,
                -0.42431234087818953
            ]
        },
        {
            "contact_pose": [
                [
                    0.042477107677445634,
                    0.01350813966427071,
                    0.0044940002262592385
                ],
                [
                    0.06145922948635374,
                    -0.9456033559511973,
                    -0.3194637011066787
                ],
                [
                    0.0002978482241201008,
                    -0.3200513711303827,
                    0.9474001430884406
                ],
                [
                    -0.998109550298653,
                    -0.058321634505522246,
                    -0.01938846438543229
                ]
            ],
            "object_pose": [
                0.7994364949628101,
                -0.17087450460636067,
                0.9295166434016002,
                0.39449731070436944,
                0.5614365989087807,
                0.5869589389038047,
                -0.42969759284138526
            ]
        },
        {
            "contact_pose": [
                [
                    -0.020349131748021755,
                    0.03881099820137017,
                    0.024987809538687407
                ],
                [
                    -0.01434475866481361,
                    0.011298434212482621,
                    -0.999833272742608
                ],
                [
                    0.6272517712634695,
                    0.7788165227342303,
                    -0.00019840111401776567
                ],
                [
                    0.778684431169449,
                    -0.627150037312052,
                    -0.018258897935075364
                ]
            ],
            "object_pose": [
                0.7979616544554731,
                -0.14235642655783676,
                1.0130581628412736,
                -0.008192392947264192,
                -0.4316918646925971,
                0.9019749277721263,
                0.004030921295881502
            ]
        },
        {
            "contact_pose": [
                [
                    0.04249335456834671,
                    0.013520010311917782,
                    0.004494000226259211
                ],
                [
                    0.06154913148851232,
                    -0.9437602329460413,
                    -0.324851238450223
                ],
                [
                    0.0002946907915251651,
                    -0.3254511113263469,
                    0.9455588227570948
                ],
                [
                    -0.9981040113987856,
                    -0.058294054980586096,
                    -0.019753115794050924
                ]
            ],
            "object_pose": [
                0.7997823487658998,
                -0.170875653371544,
                0.9295141575071343,
                0.39279428374173037,
                0.5626416472049753,
                0.5880986278300465,
                -0.4281203469057614
            ]
        },
        {
            "contact_pose": [
                [
                    0.03885899856686605,
                    0.021748999133705912,
                    -0.0045110001228749405
                ],
                [
                    0.08079952074456259,
                    -0.9249224754714263,
                    -0.37146985317150305
                ],
                [
                    -0.027385066890248944,
                    -0.3746077380591706,
                    0.9267788844690024
                ],
                [
                    -0.9963541014914656,
                    -0.06471056292446314,
                    -0.055597189561465254
                ]
            ],
            "object_pose": [
                0.8029381703903711,
                -0.16987206399217042,
                0.9295479775489716,
                0.3662084505489274,
                0.577525834300356,
                0.5934634254117345,
                -0.42444839988012945
            ]
        },
        {
            "contact_pose": [
                [
                    0.008833366562133647,
                    0.0073461637265444385,
                    -0.006750544205797064
                ],
                [
                    0.013119071348974387,
                    -0.9356410708524598,
                    -0.3527090536136021
                ],
                [
                    -0.04334900952200249,
                    -0.3529399636963497,
                    0.9346412388716222
                ],
                [
                    -0.9989738501784728,
                    0.0030279630251418554,
                    -0.045189358255196765
                ]
            ],
            "object_pose": [
                0.8014581364984117,
                -0.16370886501860277,
                0.9572311555758287,
                0.3895413649054287,
                0.5914148345621596,
                0.5714744266077131,
                -0.4146118645441959
            ]
        }
    ]
}