{
    "hook_path": "models/hook/Hook_90/base.urdf",
    "obj_path": "models/geo_data/mug/45/base.urdf",
    "hook_pose": [
        0.8,
        -0.2,
        1.0,
        4.329780281177466e-17,
        0.7071067811865475,
        0.7071067811865476,
        4.329780281177467e-17
    ],
    "contact_info": [
        {
            "contact_pose": [
                [
                    0.010292246585500204,
                    0.04609404693314981,
                    0.016135642087508475
                ],
                [
                    -0.07662948725731134,
                    -0.8422933765663259,
                    0.5335445524744671
                ],
                [
                    0.016429737317060614,
                    -0.5361120508410904,
                    -0.8439869268387116
                ],
                [
                    0.9969242626269932,
                    -0.055908288611420234,
                    0.05492065048930311
                ]
            ],
            "object_pose": [
                0.8016405926129043,
                -0.17740904174374666,
                0.9284480057654525,
                0.6111599629352588,
                -0.31389386008532094,
                0.36701276321608145,
                0.6271010890934624
            ]
        },
        {
            "contact_pose": [
                [
                    0.010065141404930639,
                    0.045498583622326005,
                    0.016818756729744113
                ],
                [
                    -0.11152668360862206,
                    -0.8268279248719822,
                    0.5512870227886325
                ],
                [
                    0.017607806127012057,
                    -0.5563048904567548,
                    -0.8307916911099267
                ],
                [
                    0.9936054367839661,
                    -0.08294848706148893,
                    0.07660146530944523
                ]
            ],
            "object_pose": [
                0.8001804569156721,
                -0.1758977756057108,
                0.9285159669020905,
                0.6094969938100917,
                -0.29502401767604725,
                0.3705635135843343,
                0.6357333764486315
            ]
        },
        {
            "contact_pose": [
                [
                    0.03831728149990953,
                    0.03739526711465385,
                    0.010092921145827351
                ],
                [
                    -0.0358900564719577,
                    -0.8514368069337221,
                    0.5232277397510067
                ],
                [
                    -0.001803143188077283,
                    -0.5235090255088712,
                    -0.8520182209820371
                ],
                [
                    0.999354117678555,
                    -0.03152243660092735,
                    0.017253506010592112
                ]
            ],
            "object_pose": [
                0.802576797064361,
                -0.17539940287924688,
                0.9285599319454538,
                0.6103077420371632,
                -0.33431009812603,
                0.35584109995257834,
                0.6238095301331993
            ]
        },
        {
            "contact_pose": [
                [
                    0.01372000016272073,
                    0.046404000371694565,
                    -0.015488999895751521
                ],
                [
                    0.13970640193712391,
                    -0.8365880639397462,
                    -0.5297192959779078
                ],
                [
                    0.02315593048615855,
                    -0.5320591579078909,
                    0.8463904863416569
                ],
                [
                    -0.9899221808511532,
                    -0.13051231267544666,
                    -0.0549600955148688
                ]
            ],
            "object_pose": [
                0.7980270601389697,
                -0.17210197744667563,
                0.9286186278216731,
                0.3012160029915427,
                0.5865260123848521,
                0.6487271265986018,
                -0.38001219921582136
            ]
        },
        {
            "contact_pose": [
                [
                    0.010058999992907042,
                    0.04615571834404075,
                    0.016830999404191995
                ],
                [
                    -0.07814262582781806,
                    -0.8432188461032863,
                    0.5318606091871969
                ],
                [
                    0.01587616561048194,
                    -0.5344768035649083,
                    -0.8450340193249897
                ],
                [
                    0.9968157690336978,
                    -0.05758927007074216,
                    0.055152502921236135
                ]
            ],
            "object_pose": [
                0.8017605263470934,
                -0.1775415642793457,
                0.9284333305640743,
                0.6103579901842313,
                -0.31411540679007577,
                0.36796902943523224,
                0.6272108325051986
            ]
        },
        {
            "contact_pose": [
                [
                    0.013717153437534263,
                    0.04598431306611506,
                    -0.01549751215986173
                ],
                [
                    0.14685698092524757,
                    -0.8315651833255036,
                    -0.5356606883413633
                ],
                [
                    0.013386023628182087,
                    -0.5398117837132477,
                    0.8416793050418595
                ],
                [
                    -0.9890671572370338,
                    -0.1307768482765338,
                    -0.06814377763163149
                ]
            ],
            "object_pose": [
                0.7986032576355105,
                -0.1728115652488288,
                0.9285824804154748,
                0.2945116665814298,
                0.5898088284428793,
                0.6480400373908388,
                -0.3813561774466845
            ]
        },
        {
            "contact_pose": [
                [
                    0.013720000162720564,
                    0.04640400037169434,
                    -0.015488999895751466
                ],
                [
                    0.13888866053950433,
                    -0.8492235363945151,
                    -0.5094402076859816
                ],
                [
                    0.021880157523329447,
                    -0.5116689759401549,
                    0.8589040212777603
                ],
                [
                    -0.9900662597423955,
                    -0.13043866104014906,
                    -0.05248387395911708
                ]
            ],
            "object_pose": [
                0.7965552936949859,
                -0.17288977108261802,
                0.9286867998262478,
                0.3090312641130339,
                0.5824777654817613,
                0.6445461632516053,
                -0.38701366120294706
            ]
        },
        {
            "contact_pose": [
                [
                    0.010238909318187156,
                    0.046102214242411066,
                    0.016295075712910192
                ],
                [
                    -0.07987295056418675,
                    -0.8422925240505232,
                    0.5330699913677093
                ],
                [
                    0.01587648325418818,
                    -0.5357857156283561,
                    -0.8442047170018002
                ],
                [
                    0.9966786087037538,
                    -0.05896584483587837,
                    0.056167429130597135
                ]
            ],
            "object_pose": [
                0.8016681593979819,
                -0.17735263079645958,
                0.9284450741273017,
                0.6103238135993915,
                -0.3130845255447098,
                0.36802592867974576,
                0.6277259260516088
            ]
        },
        {
            "contact_pose": [
                [
                    0.009540258301737653,
                    0.04534673071800492,
                    0.0174795062862543
                ],
                [
                    -0.10028145817946438,
                    -0.825056412739216,
                    0.5560805201976571
                ],
                [
                    0.017336782123911265,
                    -0.5602619910086147,
                    -0.8281340093346312
                ],
                [
                    0.9948080544160208,
                    -0.07340583920206495,
                    0.07048771268846943
                ]
            ],
            "object_pose": [
                0.7998747575410456,
                -0.17624055234922192,
                0.9284793329884757,
                0.6123747755907945,
                -0.29714342432416657,
                0.3656029612599983,
                0.6348522618050224
            ]
        },
        {
            "contact_pose": [
                [
                    0.01372000016272062,
                    0.04640400037169434,
                    -0.01548899989575148
                ],
                [
                    0.15644724759838313,
                    -0.8504456255180797,
                    -0.5022613829034167
                ],
                [
                    0.020340502616803036,
                    -0.5056411266016356,
                    0.8625040956669856
                ],
                [
                    -0.9874768466511943,
                    -0.14515264078269846,
                    -0.06180767105807228
                ]
            ],
            "object_pose": [
                0.7961018326944403,
                -0.17347500104741345,
                0.9286480905552622,
                0.30533853299685576,
                0.5780934698437432,
                0.6457078531160432,
                -0.3945094280440199
            ]
        }
    ]
}