{
    "hook_path": "models/hook/Hook_90/base.urdf",
    "obj_path": "models/geo_data/mug/90/base.urdf",
    "hook_pose": [
        0.8,
        -0.2,
        1.0,
        4.329780281177466e-17,
        0.7071067811865475,
        0.7071067811865476,
        4.329780281177467e-17
    ],
    "contact_info": [
        {
            "contact_pose": [
                [
                    0.043421998620033195,
                    0.00636899983510371,
                    -0.008182999677956123
                ],
                [
                    0.13905840555378085,
                    -0.9725053418021887,
                    -0.18680503208171056
                ],
                [
                    -0.08818149323206642,
                    -0.2000488068867875,
                    0.9758096633639863
                ],
                [
                    -0.9863502339920663,
                    -0.1192217892391382,
                    -0.113575441334891
                ]
            ],
            "object_pose": [
                0.7995116538671698,
                -0.16544978427753362,
                0.9419471943955615,
                -0.38916310380323993,
                -0.537532495779241,
                -0.5517801482675828,
                0.5051233142484849
            ]
        },
        {
            "contact_pose": [
                [
                    0.043421998620033306,
                    0.006368999835103821,
                    -0.008182999677956096
                ],
                [
                    0.13892660735789947,
                    -0.9717591235705275,
                    -0.19074486500418258
                ],
                [
                    -0.08818576414867729,
                    -0.20398714694785441,
                    0.9749935973541508
                ],
                [
                    -0.9863684244589024,
                    -0.11863157099825591,
                    -0.11403456315059868
                ]
            ],
            "object_pose": [
                0.7997813356030161,
                -0.16544849748931978,
                0.9419289126703987,
                -0.38808433356967786,
                -0.5385858933713832,
                -0.552537481048517,
                0.5040021007254708
            ]
        },
        {
            "contact_pose": [
                [
                    0.043404636095864355,
                    0.007374724288964201,
                    -0.00029193120178837816
                ],
                [
                    0.2515389688761177,
                    -0.9420026258018861,
                    0.22216930507856208
                ],
                [
                    -0.09197666284641894,
                    -0.2517770748009062,
                    -0.9634046907174237
                ],
                [
                    0.9634668861088975,
                    0.22189943124544176,
                    -0.1499740036958866
                ]
            ],
            "object_pose": [
                0.7977973856158466,
                -0.16523790289758877,
                0.9422127959957053,
                0.5813974702124152,
                -0.5224238674231152,
                0.34057106484167776,
                0.5225529965179463
            ]
        },
        {
            "contact_pose": [
                [
                    0.043421998620033195,
                    0.006368999835103932,
                    -0.008182999677956096
                ],
                [
                    0.13942055123921276,
                    -0.9714876859661055,
                    -0.19176440208853907
                ],
                [
                    -0.08820300624034294,
                    -0.20506953728128263,
                    0.9747649534987426
                ],
                [
                    -0.9862971862386708,
                    -0.1189880703913693,
                    -0.1142790423578115
                ]
            ],
            "object_pose": [
                0.7997046638148642,
                -0.16545249491030997,
                0.9419575838404343,
                -0.38763530582228584,
                -0.5387437558657902,
                -0.5528447942776447,
                0.503841908375825
            ]
        },
        {
            "contact_pose": [
                [
                    0.043421998620033195,
                    0.006368999835103821,
                    -0.008182999677956123
                ],
                [
                    0.13938431417409775,
                    -0.9704746589769211,
                    -0.19685260792238785
                ],
                [
                    -0.08815765966284761,
                    -0.21016505720104328,
                    0.9736831495791902
                ],
                [
                    -0.9863063621436222,
                    -0.11836209281400498,
                    -0.11484848705883294
                ]
            ],
            "object_pose": [
                0.8000092737041883,
                -0.16545245006775947,
                0.9419459148227528,
                -0.38620837626880894,
                -0.5400574448082422,
                -0.553863033852582,
                0.5024109733461404
            ]
        },
        {
            "contact_pose": [
                [
                    0.043421998620033195,
                    0.0074209999293090734,
                    -0.0002899999963118984
                ],
                [
                    0.2522842294342359,
                    -0.9396978162827718,
                    0.23091271435796573
                ],
                [
                    -0.09193982397093037,
                    -0.26082995752286325,
                    -0.9609967752426724
                ],
                [
                    0.9632755246278024,
                    0.22121425662016214,
                    -0.1521989366619258
                ]
            ],
            "object_pose": [
                0.7974690145707953,
                -0.16524354847187261,
                0.9422574061920178,
                0.5831353074131246,
                -0.5201541517264682,
                0.3376141307213539,
                0.5247947888719775
            ]
        },
        {
            "contact_pose": [
                [
                    0.043421998620033306,
                    0.006368999835103821,
                    -0.008182999677956123
                ],
                [
                    0.13944401866674627,
                    -0.9719422826664749,
                    -0.1894295774770955
                ],
                [
                    -0.08817141319967653,
                    -0.20272570024590153,
                    0.9752579619537496
                ],
                [
                    -0.9862966934713107,
                    -0.11929161590359844,
                    -0.11396641094054127
                ]
            ],
            "object_pose": [
                0.7995611709749273,
                -0.16545257821856366,
                0.9419644645501352,
                -0.38829994637510246,
                -0.5381239110960351,
                -0.5523924737405954,
                0.5044882187985612
            ]
        },
        {
            "contact_pose": [
                [
                    0.043421998620033306,
                    0.00636899983510371,
                    -0.008182999677956123
                ],
                [
                    0.13947147067134869,
                    -0.9727913941587524,
                    -0.1849989522117429
                ],
                [
                    -0.08817689423774644,
                    -0.19828366296011857,
                    0.9761702844922622
                ],
                [
                    -0.9862923218759017,
                    -0.11983527216053588,
                    -0.1134326379612759
                ]
            ],
            "object_pose": [
                0.7992956694586419,
                -0.16545271217216886,
                0.9419768694687974,
                -0.38954745583496475,
                -0.536968475398918,
                -0.5515109541374796,
                0.5057205785279406
            ]
        },
        {
            "contact_pose": [
                [
                    0.04339862667422227,
                    0.007358707618123588,
                    -0.00029259962003632366
                ],
                [
                    0.2508723414629992,
                    -0.9411136659226879,
                    0.22664539726725508
                ],
                [
                    -0.09195677668400189,
                    -0.2562432583112373,
                    -0.962228322069107
                ],
                [
                    0.9636425787141003,
                    0.22055489199652795,
                    -0.1508261254081632
                ]
            ],
            "object_pose": [
                0.7975225865051847,
                -0.16523250160970948,
                0.9422101174551258,
                0.5820746327962981,
                -0.5210245367094708,
                0.3394270665593034,
                0.5239387564293009
            ]
        },
        {
            "contact_pose": [
                [
                    0.006579000037163541,
                    0.040580999106168594,
                    0.03286699950695044
                ],
                [
                    0.43371474583625225,
                    -0.08494815311497206,
                    -0.8970369727756768
                ],
                [
                    0.4587624933988709,
                    0.8776675200114814,
                    0.13869642737773347
                ],
                [
                    0.7755182099052518,
                    -0.4716816040500744,
                    0.41962837190316715
                ]
            ],
            "object_pose": [
                0.799621356163156,
                -0.1389484167662377,
                1.0213774884202378,
                0.15003659268085204,
                -0.49157727656156247,
                0.8407557716460563,
                -0.17020732789419404
            ]
        }
    ]
}