{
    "hook_path": "models/hook/Hook_90/base.urdf",
    "obj_path": "models/geo_data/mug/19/base.urdf",
    "hook_pose": [
        0.8,
        -0.2,
        1.0,
        4.329780281177466e-17,
        0.7071067811865475,
        0.7071067811865476,
        4.329780281177467e-17
    ],
    "contact_info": [
        {
            "contact_pose": [
                [
                    0.04014077869939119,
                    0.012370855935271662,
                    -0.00332874283088998
                ],
                [
                    0.19597510267003532,
                    -0.9239683133940013,
                    -0.32844529982527354
                ],
                [
                    -0.10020577822410337,
                    -0.35205625882661423,
                    0.9305993727869741
                ],
                [
                    -0.9754755564051674,
                    -0.14946219075355727,
                    -0.1615812253672324
                ]
            ],
            "object_pose": [
                0.800066282234867,
                -0.16673939451060463,
                0.9406958966954034,
                0.324764041727631,
                0.5655061642669821,
                0.5868776943185708,
                -0.4799017266983906
            ]
        },
        {
            "contact_pose": [
                [
                    0.04013961514104685,
                    0.012368373241934748,
                    -0.0033286651184155523
                ],
                [
                    0.19762657920762206,
                    -0.9220606236264061,
                    -0.3327881331243289
                ],
                [
                    -0.10794562036787686,
                    -0.3578888197715788,
                    0.9275038197904631
                ],
                [
                    -0.9743159026897217,
                    -0.1473763856260188,
                    -0.1702607492222542
                ]
            ],
            "object_pose": [
                0.8003006883945997,
                -0.16684487048960428,
                0.9406983324029218,
                0.32089323025025596,
                0.5686293537679414,
                0.5857087369978509,
                -0.48024313448230743
            ]
        },
        {
            "contact_pose": [
                [
                    0.040366473254823836,
                    0.013369692881055894,
                    0.002186000114306819
                ],
                [
                    0.19960987283077963,
                    -0.9301496034044723,
                    0.3081843830484967
                ],
                [
                    -0.11888170713918135,
                    -0.3351788992137154,
                    -0.9346241197559346
                ],
                [
                    0.9726371565882899,
                    0.14992271611862085,
                    -0.17748279019516655
                ]
            ],
            "object_pose": [
                0.8006764001404901,
                -0.16781512417513708,
                0.9407436059404017,
                0.5786245311140757,
                -0.4900561294916393,
                0.3251965535232888,
                0.5650538412552066
            ]
        },
        {
            "contact_pose": [
                [
                    0.04012952730508206,
                    0.012845074249413235,
                    0.002186000114306791
                ],
                [
                    0.1996628854375757,
                    -0.928572997767223,
                    0.31286885430853417
                ],
                [
                    -0.11886738455424693,
                    -0.339893146510189,
                    -0.9329218583807737
                ],
                [
                    0.9726280260551691,
                    0.14907996771195142,
                    -0.1782410899849674
                ]
            ],
            "object_pose": [
                0.800409936827885,
                -0.16781495469697968,
                0.9407384774370356,
                0.5794569521254876,
                -0.4886405882542056,
                0.32372202327972205,
                0.5662720792937856
            ]
        },
        {
            "contact_pose": [
                [
                    0.040131584724017504,
                    0.012351238679709452,
                    -0.0033281287778181455
                ],
                [
                    0.1987557609719386,
                    -0.9231911271028141,
                    -0.3289594052753338
                ],
                [
                    -0.11428651662583689,
                    -0.35519888658083104,
                    0.9277781755836199
                ],
                [
                    -0.9733625941025255,
                    -0.1468056327610543,
                    -0.17610612309521922
                ]
            ],
            "object_pose": [
                0.8001019256787644,
                -0.1669333338368878,
                0.9406781111417302,
                0.3201360825249846,
                0.569306659266365,
                0.5834120587994713,
                -0.48273510958691346
            ]
        }
    ]
}