{
    "hook_path": "models/hook/Hook_90/base.urdf",
    "obj_path": "models/geo_data/mug/199/base.urdf",
    "hook_pose": [
        0.8,
        -0.2,
        1.0,
        4.329780281177466e-17,
        0.7071067811865475,
        0.7071067811865476,
        4.329780281177467e-17
    ],
    "contact_info": [
        {
            "contact_pose": [
                [
                    0.04008463035364301,
                    0.005413810149288641,
                    0.00240293080157992
                ],
                [
                    0.16083399815166,
                    -0.9750990541933662,
                    0.15269007678875127
                ],
                [
                    1.3988228842770623e-05,
                    -0.15470184445068447,
                    -0.9879612032503533
                ],
                [
                    0.9869814713776959,
                    0.15889988620121523,
                    -0.02486767625572539
                ]
            ],
            "object_pose": [
                0.7998262228010726,
                -0.16662259324930548,
                0.9428257388185652,
                0.5726263946105719,
                -0.5015465634374393,
                0.41485660933594765,
                0.49844162204783155
            ]
        },
        {
            "contact_pose": [
                [
                    0.008147000335156635,
                    0.03761115452986373,
                    0.022908000275492706
                ],
                [
                    0.2168621410544923,
                    -0.8847864271704717,
                    0.41246065275632426
                ],
                [
                    -0.024351555245421416,
                    -0.4272871826898318,
                    -0.9037879537071268
                ],
                [
                    0.9758984647668992,
                    0.1859533323280277,
                    -0.11420833884489967
                ]
            ],
            "object_pose": [
                0.805595023511003,
                -0.16600168315811617,
                0.9423662312315695,
                0.627308223650649,
                -0.44661063433854914,
                0.30709707735104985,
                0.5592090118358515
            ]
        },
        {
            "contact_pose": [
                [
                    0.0412940010428428,
                    0.0001059999995049873,
                    -0.004614999983459758
                ],
                [
                    0.14904671599553365,
                    -0.9783381833226259,
                    -0.1436644545596847
                ],
                [
                    0.0007856605298254271,
                    -0.14517007878500754,
                    0.9894064033364082
                ],
                [
                    -0.9888298433949491,
                    -0.14758064669373047,
                    -0.020868481808260564
                ]
            ],
            "object_pose": [
                0.8015127434907369,
                -0.16763110467550804,
                0.9423388777323208,
                -0.4211711526435573,
                -0.49882315186249354,
                -0.5683376553122362,
                0.5007820213436732
            ]
        },
        {
            "contact_pose": [
                [
                    0.008147000335157079,
                    0.0369323373895654,
                    0.02290800027549268
                ],
                [
                    0.21615205700150364,
                    -0.8774827731396865,
                    0.4281381448751142
                ],
                [
                    -0.027433429164223103,
                    -0.44378970067632656,
                    -0.8957109514446655
                ],
                [
                    0.9759742287674968,
                    0.18186446716360505,
                    -0.11999841817702317
                ]
            ],
            "object_pose": [
                0.8045707291049177,
                -0.1658989712197498,
                0.9422886987200125,
                0.6290010299821647,
                -0.44191621136045517,
                0.3010664207434373,
                0.5642931655787912
            ]
        },
        {
            "contact_pose": [
                [
                    0.0412940010428428,
                    0.00010599999950509833,
                    -0.004614999983459758
                ],
                [
                    0.14909413067809368,
                    -0.9782324192733858,
                    -0.14433389788917372
                ],
                [
                    0.0007830921889840914,
                    -0.14584849619905443,
                    0.9893066273522573
                ],
                [
                    -0.9888226974356764,
                    -0.14761283832720418,
                    -0.02097910858496127
                ]
            ],
            "object_pose": [
                0.8015286534877135,
                -0.16763127376877654,
                0.9423425487156463,
                -0.42096209923596634,
                -0.4989834584865979,
                -0.568491387007174,
                0.5006235732187025
            ]
        },
        {
            "contact_pose": [
                [
                    0.03928570933894953,
                    0.008178642076355533,
                    0.002587347705006496
                ],
                [
                    0.16414483949588826,
                    -0.9609915981865595,
                    0.22260193144200544
                ],
                [
                    8.165959117512056e-06,
                    -0.2256614414023002,
                    -0.9742057861650963
                ],
                [
                    0.9864362481175286,
                    0.15991267016430707,
                    -0.037033313661288314
                ]
            ],
            "object_pose": [
                0.7990347619453146,
                -0.1666356283250211,
                0.9431119724744711,
                0.5879036416721345,
                -0.4840719400985726,
                0.39290379368008305,
                0.5154321233971019
            ]
        },
        {
            "contact_pose": [
                [
                    0.008705999702215134,
                    0.03631905764080988,
                    -0.022033000364899653
                ],
                [
                    0.16624340223926404,
                    -0.9084694836854521,
                    -0.38346620245362223
                ],
                [
                    -7.09119217038312e-05,
                    -0.38888854411024726,
                    0.9212848067950061
                ],
                [
                    -0.9860847459439852,
                    -0.15313032838762042,
                    -0.06471457598165908
                ]
            ],
            "object_pose": [
                0.795730090852795,
                -0.16769637236223014,
                0.9424205773314079,
                0.3403426792355954,
                0.5546185143834692,
                0.6197833530596677,
                -0.4386727247777385
            ]
        },
        {
            "contact_pose": [
                [
                    0.04013660623719922,
                    0.0052339368205717015,
                    0.002390933080501015
                ],
                [
                    0.1607338162874387,
                    -0.975179599112312,
                    0.15228062837021072
                ],
                [
                    8.381077986951979e-06,
                    -0.15428534764058027,
                    -0.9880263313460744
                ],
                [
                    0.9869977914014971,
                    0.15881051910555422,
                    -0.024790699667233185
                ]
            ],
            "object_pose": [
                0.7996616360413493,
                -0.16662210715427814,
                0.9428004154350178,
                0.5725162723787316,
                -0.50162772791617,
                0.4150051908115795,
                0.4983627514638984
            ]
        },
        {
            "contact_pose": [
                [
                    0.0412940010428428,
                    0.00010599999950520935,
                    -0.00461499998345973
                ],
                [
                    0.1489861040576166,
                    -0.9782306268959584,
                    -0.14445754186083137
                ],
                [
                    0.0007764265323011998,
                    -0.14597221520241416,
                    0.989288385432044
                ],
                [
                    -0.9888389848501997,
                    -0.1475023830032617,
                    -0.020988307430235997
                ]
            ],
            "object_pose": [
                0.8015534069395067,
                -0.1676361272272287,
                0.9423394900957462,
                -0.42095620368044473,
                -0.49904376870302386,
                -0.568492821281939,
                0.5005667824102318
            ]
        },
        {
            "contact_pose": [
                [
                    0.03994944779791359,
                    0.00588163743031976,
                    0.002434135323511841
                ],
                [
                    0.16095070074915108,
                    -0.9736041359395831,
                    0.16183281005313893
                ],
                [
                    -1.3488074168510611e-05,
                    -0.16397275504296577,
                    -0.9864648678091337
                ],
                [
                    0.9869624469788247,
                    0.1587700289253538,
                    -0.02640466187273055
                ]
            ],
            "object_pose": [
                0.799833013400719,
                -0.16662060672582613,
                0.9428818142762873,
                0.5745844913727494,
                -0.4992370947121176,
                0.4121236686200329,
                0.5007684767439824
            ]
        }
    ]
}