{
    "hook_path": "models/hook/Hook_90/base.urdf",
    "obj_path": "models/geo_data/mug/105/base.urdf",
    "hook_pose": [
        0.8,
        -0.2,
        1.0,
        4.329780281177466e-17,
        0.7071067811865475,
        0.7071067811865476,
        4.329780281177467e-17
    ],
    "contact_info": [
        {
            "contact_pose": [
                [
                    2.2000000171811668e-05,
                    -0.032334998250007685,
                    -0.02043299935758116
                ],
                [
                    0.06385611600364138,
                    -0.8346502012577273,
                    0.547066209877164
                ],
                [
                    -0.0009472603073528429,
                    0.5481340517815018,
                    0.8363899592746821
                ],
                [
                    -0.9979586660512748,
                    -0.0539268283698356,
                    0.03421108058993
                ]
            ],
            "object_pose": [
                0.7996084157798993,
                -0.1698581141168902,
                0.9476989991852344,
                -0.6107765796917838,
                -0.31620967017959517,
                -0.3556379332218791,
                0.6328389010155651
            ]
        },
        {
            "contact_pose": [
                [
                    2.2000000171589623e-05,
                    -0.032334998250007685,
                    -0.020432999357581173
                ],
                [
                    0.04802042203312157,
                    -0.8375530089836378,
                    0.5442416707770689
                ],
                [
                    -0.011106162103325531,
                    0.5443888570415552,
                    0.8387594562759482
                ],
                [
                    -0.9987846075261151,
                    -0.04632201929367746,
                    0.016839783177363787
                ]
            ],
            "object_pose": [
                0.7997954033974402,
                -0.17005830806356995,
                0.9477007795949409,
                -0.6096748086849386,
                -0.3242462305226459,
                -0.35034775096084286,
                0.6327854794822002
            ]
        },
        {
            "contact_pose": [
                [
                    0.0001936483235516033,
                    0.035202307924017434,
                    0.013806000351905788
                ],
                [
                    0.00213628010206178,
                    0.6901768101495441,
                    0.7236376213541731
                ],
                [
                    0.9808663341630699,
                    0.1394254587419206,
                    -0.135874118065605
                ],
                [
                    -0.19467067270861962,
                    0.7100820460949602,
                    -0.6766733458625133
                ]
            ],
            "object_pose": [
                0.8060054103748104,
                -0.138608050845535,
                1.0064547486694724,
                0.9239299218030829,
                -0.03734330789350735,
                -0.3698468151525495,
                -0.0904008311578814
            ]
        },
        {
            "contact_pose": [
                [
                    0.03667501204394584,
                    -0.001583077281605952,
                    -0.003585000056773397
                ],
                [
                    -0.0024887184573207932,
                    -0.9705151931368793,
                    -0.24102710671400818
                ],
                [
                    -0.130240415775344,
                    0.2392894485278626,
                    -0.9621735778547947
                ],
                [
                    0.9914793191888097,
                    0.028996891449206974,
                    -0.12699582633762885
                ]
            ],
            "object_pose": [
                0.8034372693865053,
                -0.17291444104583986,
                0.9479539532316273,
                -0.40550257981912236,
                0.5916638433136165,
                -0.5200456228758822,
                -0.4637392633830267
            ]
        },
        {
            "contact_pose": [
                [
                    2.2000000171811668e-05,
                    -0.032334998250007796,
                    -0.020432999357581118
                ],
                [
                    0.050942922464873475,
                    -0.836126242812088,
                    0.5461663892365397
                ],
                [
                    -0.00810063387873422,
                    0.5465125400029077,
                    0.8374117406332044
                ],
                [
                    -0.9986687130282498,
                    -0.047084495330327505,
                    0.0210677933820268
                ]
            ],
            "object_pose": [
                0.7996888340539545,
                -0.1700021044625676,
                0.9477023074578247,
                -0.6105287175939142,
                -0.3220441543142288,
                -0.35100479776459387,
                0.6327225929357987
            ]
        },
        {
            "contact_pose": [
                [
                    0.03652501198201151,
                    -0.0072536648216085554,
                    0.002299362668227604
                ],
                [
                    0.024226670794213867,
                    -0.9971321073733684,
                    0.07169817896833008
                ],
                [
                    -0.1299088943980654,
                    0.0679710402956164,
                    0.9891934173039187
                ],
                [
                    -0.9912299166078986,
                    -0.03327909443295585,
                    -0.12788961762090512
                ]
            ],
            "object_pose": [
                0.8045984360809115,
                -0.17214662593017077,
                0.9481702500327641,
                -0.47657900450431856,
                -0.5061945330099832,
                -0.4559802685058205,
                0.5556271609180368
            ]
        },
        {
            "contact_pose": [
                [
                    0.03637974559269906,
                    -0.007636635463678491,
                    0.002127681982034633
                ],
                [
                    0.025914188536451555,
                    -0.9977127171336939,
                    0.06243227452367603
                ],
                [
                    -0.12543635524009036,
                    0.05871431313824943,
                    0.9903627366863044
                ],
                [
                    -0.9917631650835697,
                    -0.03349572364356365,
                    -0.12362791303348492
                ]
            ],
            "object_pose": [
                0.8053933292518024,
                -0.1720891757901346,
                0.9483514387553995,
                -0.47526313649388546,
                -0.5073234562566694,
                -0.4597899231931355,
                0.5525767714551821
            ]
        },
        {
            "contact_pose": [
                [
                    0.03654879913400709,
                    -0.0012935991697454216,
                    -0.0035850000567734176
                ],
                [
                    -0.007439632620889591,
                    -0.9600765530102386,
                    -0.2796384526964142
                ],
                [
                    -0.13028545700786748,
                    0.2781931325443043,
                    -0.9516481916640405
                ],
                [
                    0.9914486126666966,
                    0.029352910676210875,
                    -0.1271536671752611
                ]
            ],
            "object_pose": [
                0.8055060401379203,
                -0.17290744565220437,
                0.9480818281006483,
                -0.3935190595676178,
                0.5998493186585471,
                -0.5291502822951945,
                -0.45312638789725174
            ]
        },
        {
            "contact_pose": [
                [
                    0.0011089999461546367,
                    0.034320777725669216,
                    0.013806000351905788
                ],
                [
                    -0.06593441477029247,
                    0.7031840475171054,
                    0.7079440996762102
                ],
                [
                    0.9894172618666431,
                    0.13797654459458944,
                    -0.044899388214667595
                ],
                [
                    -0.1292522141752829,
                    0.6974916977708038,
                    -0.7048398376025495
                ]
            ],
            "object_pose": [
                0.8032064632601363,
                -0.1388849759927545,
                1.0063222282918598,
                0.9212563513096744,
                0.005708244650286833,
                -0.3820933997138753,
                -0.07251748071803663
            ]
        },
        {
            "contact_pose": [
                [
                    0.03744851645567658,
                    -0.0033571635991796497,
                    -0.0035850000567734038
                ],
                [
                    0.04061689771206489,
                    -0.9936885013890374,
                    0.10456304235941308
                ],
                [
                    -0.13054776943450244,
                    0.09847464020955865,
                    0.9865394189444605
                ],
                [
                    -0.9906096847476928,
                    -0.05372064261349391,
                    -0.12572408298042836
                ]
            ],
            "object_pose": [
                0.8028771725221205,
                -0.17222309939805328,
                0.9479447535348287,
                -0.4796599395174191,
                -0.4930172624922974,
                -0.4523852978434363,
                0.5676335645483381
            ]
        }
    ]
}