{
    "hook_path": "models/hook/Hook_90/base.urdf",
    "obj_path": "models/geo_data/mug/67/base.urdf",
    "hook_pose": [
        0.8,
        -0.2,
        1.0,
        4.329780281177466e-17,
        0.7071067811865475,
        0.7071067811865476,
        4.329780281177467e-17
    ],
    "contact_info": [
        {
            "contact_pose": [
                [
                    0.04494336105512331,
                    0.004215890207056199,
                    -0.0006764798176410049
                ],
                [
                    -0.05381517738448144,
                    -0.9882900918791594,
                    0.1427817249390121
                ],
                [
                    0.20212843978224557,
                    -0.15081026015693716,
                    -0.9676778179035583
                ],
                [
                    0.9778793486490407,
                    -0.023215506130167624,
                    0.20787741522553194
                ]
            ],
            "object_pose": [
                0.8011563576645723,
                -0.17798226012949417,
                0.936275136436122,
                0.5748248991195254,
                -0.3974526164049542,
                0.5202312516980793,
                0.4908840981552912
            ]
        },
        {
            "contact_pose": [
                [
                    0.04478777202127693,
                    0.003862246100617411,
                    -0.0007047687231609188
                ],
                [
                    0.12258952916318377,
                    -0.9821975607008688,
                    -0.14233678053409937
                ],
                [
                    0.10743549052993162,
                    -0.12944234926447323,
                    0.9857496099879965
                ],
                [
                    -0.9866252696511184,
                    -0.13613460239835273,
                    0.08965460008109188
                ]
            ],
            "object_pose": [
                0.7993916503606633,
                -0.17022701767973258,
                0.936678023857669,
                0.4552373303007673,
                0.4740165312533454,
                0.5886227300789496,
                -0.47073408930475863
            ]
        },
        {
            "contact_pose": [
                [
                    0.04461234651313373,
                    0.0034635149333861965,
                    -0.0007366642591312846
                ],
                [
                    -0.04185689010651533,
                    -0.9962805075787424,
                    0.07532032241868278
                ],
                [
                    -0.045394852120513224,
                    -0.07341219684224487,
                    -0.9962680145200649
                ],
                [
                    0.9980918335261378,
                    -0.04511983569826808,
                    -0.04215320005638312
                ]
            ],
            "object_pose": [
                0.8040765781581986,
                -0.1828544701991961,
                0.9362155714042304,
                0.496186868679508,
                -0.48087282466457865,
                0.4807298256711019,
                0.5398691994912898
            ]
        },
        {
            "contact_pose": [
                [
                    0.04471974459783645,
                    0.0037076240377302222,
                    -0.0007171373413526896
                ],
                [
                    -0.1765921603595884,
                    -0.982761557973312,
                    0.05472594512114115
                ],
                [
                    0.427499642619092,
                    -0.12666163264388386,
                    -0.8950982551522122
                ],
                [
                    0.8865998333296043,
                    -0.13467201263014733,
                    0.44249766615662894
                ]
            ],
            "object_pose": [
                0.8053125129632526,
                -0.18389615459128913,
                0.9367987893815979,
                0.5804208764142805,
                -0.30947633174025585,
                0.613890403518433,
                0.4364339340416246
            ]
        },
        {
            "contact_pose": [
                [
                    0.04454195632106117,
                    0.003303522445727563,
                    -0.0007494624714720768
                ],
                [
                    -0.12485560587712269,
                    -0.9909509860940418,
                    0.04926683306549373
                ],
                [
                    -0.11767847974677176,
                    -0.03451445990837476,
                    -0.9924517758872329
                ],
                [
                    0.9851714841008877,
                    -0.12971081379931207,
                    -0.11230428174372936
                ]
            ],
            "object_pose": [
                0.8053011514516304,
                -0.18744919581458505,
                0.9369465224474439,
                0.4477380762006427,
                -0.48443287277030606,
                0.4906030730099045,
                0.5693540477180209
            ]
        },
        {
            "contact_pose": [
                [
                    -0.046335000544786564,
                    0.027403999119997295,
                    0.011920000426471136
                ],
                [
                    0.05923749222691854,
                    -0.9405897463720626,
                    -0.33433792565966053
                ],
                [
                    0.45078656705988246,
                    0.32403683720154147,
                    -0.831740103093982
                ],
                [
                    0.8906640166039224,
                    -0.10144484785419433,
                    0.4432003524037492
                ]
            ],
            "object_pose": [
                0.8348988259289497,
                -0.16908176871509512,
                1.0179703012183867,
                0.5037369833420084,
                -0.4421839297016525,
                0.6867622114993183,
                0.2812118219130605
            ]
        },
        {
            "contact_pose": [
                [
                    -0.0037267330427223043,
                    0.027403999119996962,
                    0.030884999781847125
                ],
                [
                    0.7975505999028741,
                    -0.1155076861087099,
                    0.5920903774293054
                ],
                [
                    0.5644621763487592,
                    0.489163886316338,
                    -0.6649068685128158
                ],
                [
                    -0.21282737621412282,
                    0.8645094949008418,
                    0.4553326708683485
                ]
            ],
            "object_pose": [
                0.8267774704932543,
                -0.17356110648656503,
                1.0157942049175812,
                0.8690601315039866,
                -0.4207008857617182,
                0.16421198496045603,
                -0.20193978445300498
            ]
        },
        {
            "contact_pose": [
                [
                    0.04470089867021987,
                    0.007409462436493036,
                    -0.0009005569539946447
                ],
                [
                    -0.14395992861722257,
                    -0.9849656818738382,
                    0.09548897571620324
                ],
                [
                    0.1515817024513509,
                    -0.11730383893087526,
                    -0.9814595237981185
                ],
                [
                    0.9779051725164739,
                    -0.12681646148227263,
                    0.1661898271936071
                ]
            ],
            "object_pose": [
                0.8034999105216311,
                -0.18758898401902124,
                0.9366386368421739,
                0.5292103118527836,
                -0.39563646834884086,
                0.5438081436079779,
                0.5173789072689196
            ]
        },
        {
            "contact_pose": [
                [
                    0.0133794573958016,
                    0.02717046325127797,
                    -0.008134512780053268
                ],
                [
                    0.11386462041664058,
                    0.9341976572148635,
                    0.3380970060080907
                ],
                [
                    0.6054966181243665,
                    0.20454967143183794,
                    -0.7691120057293882
                ],
                [
                    -0.7876602653792621,
                    0.2922912403261304,
                    -0.5423625514093712
                ]
            ],
            "object_pose": [
                0.8356287200227157,
                -0.16433195341551218,
                1.0102267226070045,
                0.7476437762160847,
                -0.2952531186091323,
                -0.4937378787854304,
                -0.3317789729464459
            ]
        },
        {
            "contact_pose": [
                [
                    0.044203867885544645,
                    0.0013213678357118447,
                    0.0023759697777152164
                ],
                [
                    0.022937758933736785,
                    -0.9706691382031931,
                    -0.2393225508700934
                ],
                [
                    0.4426677308215748,
                    -0.20477864622636427,
                    0.8729896827219525
                ],
                [
                    -0.8963922909666144,
                    -0.12596479742201067,
                    0.42498674156502375
                ]
            ],
            "object_pose": [
                0.8051582844675981,
                -0.16820206602946436,
                0.9369742640541505,
                0.518984677647007,
                0.40947833356189556,
                0.6723011005333992,
                -0.3331570634589422
            ]
        }
    ]
}