{
    "hook_path": "models/hook/Hook_90/base.urdf",
    "obj_path": "models/geo_data/mug/135/base.urdf",
    "hook_pose": [
        0.8,
        -0.2,
        1.0,
        4.329780281177466e-17,
        0.7071067811865475,
        0.7071067811865476,
        4.329780281177467e-17
    ],
    "contact_info": [
        {
            "contact_pose": [
                [
                    0.04444599896669377,
                    -0.0021440000273288923,
                    -0.004397999960929165
                ],
                [
                    0.14101061232746614,
                    -0.9820615468678224,
                    -0.12518436553584933
                ],
                [
                    9.33511060724479e-06,
                    -0.1264465025256184,
                    0.9919734280271295
                ],
                [
                    -0.9900080843729958,
                    -0.1398799491085798,
                    -0.01782113109464084
                ]
            ],
            "object_pose": [
                0.8040706937001768,
                -0.16467498413545803,
                0.939168036303747,
                -0.42864467232959347,
                -0.49631015537581497,
                -0.5623774643766934,
                0.5036581798358196
            ]
        },
        {
            "contact_pose": [
                [
                    0.043817992662370187,
                    0.0028940662387768085,
                    -0.004397999960929193
                ],
                [
                    0.14200946149358168,
                    -0.9836811829454812,
                    -0.11047462679403566
                ],
                [
                    4.99646855933733e-06,
                    -0.11160500488306074,
                    0.9937526467185318
                ],
                [
                    -0.989865300342091,
                    -0.14112283020131963,
                    -0.015844051711329077
                ]
            ],
            "object_pose": [
                0.8007043791303835,
                -0.1646755047163431,
                0.9392465507691679,
                -0.43255275385587477,
                -0.49227705616963213,
                -0.559375199098046,
                0.5076029961837116
            ]
        },
        {
            "contact_pose": [
                [
                    0.038529996723153825,
                    0.02115501286384325,
                    0.004022989089196728
                ],
                [
                    0.15746911400180558,
                    -0.9428117265474705,
                    0.2937848301394479
                ],
                [
                    9.549289581578524e-06,
                    -0.2974949676824437,
                    -0.9547233861765578
                ],
                [
                    0.9875239126442952,
                    0.15034225117444397,
                    -0.04683726579875247
                ]
            ],
            "object_pose": [
                0.8039573468152807,
                -0.1646380730077704,
                0.9382980723237504,
                0.6008611800165395,
                -0.46274935757530083,
                0.3727876298831849,
                0.5346571400616058
            ]
        },
        {
            "contact_pose": [
                [
                    0.04211501482638402,
                    0.014316142214870212,
                    0.00406799977645277
                ],
                [
                    0.15523895434958163,
                    -0.9288594677244736,
                    0.336334589763016
                ],
                [
                    4.618289141389287e-06,
                    -0.3404613457923073,
                    -0.9402585133887182
                ],
                [
                    0.9878769493368695,
                    0.1459663017271405,
                    -0.05284857357565542
                ]
            ],
            "object_pose": [
                0.7993425504894834,
                -0.16463339732051713,
                0.9385475680973908,
                0.6087498480039436,
                -0.44989640298489364,
                0.3597581572386459,
                0.5455189432427471
            ]
        },
        {
            "contact_pose": [
                [
                    0.042669358146556924,
                    -0.012445460623895562,
                    0.0040679997764527425
                ],
                [
                    0.15344726302817574,
                    -0.9681921774780509,
                    -0.19763057693452502
                ],
                [
                    1.6999182931409784e-05,
                    0.20000178613585928,
                    -0.9797955323706546
                ],
                [
                    0.9881568383511751,
                    0.15034358321118113,
                    0.030706185159231847
                ]
            ],
            "object_pose": [
                0.8010088776067391,
                -0.1646307921125057,
                0.94009393090085,
                -0.48803944652548015,
                0.5805077865461357,
                -0.5116893571558518,
                -0.4037353219224703
            ]
        },
        {
            "contact_pose": [
                [
                    0.04202918852515658,
                    0.014216587722165556,
                    -0.004397999960929137
                ],
                [
                    0.14690201631003647,
                    -0.9249043373363122,
                    -0.350673301493745
                ],
                [
                    1.8908214153068315e-05,
                    -0.35451684003757555,
                    0.9350496295770889
                ],
                [
                    -0.9891510487516681,
                    -0.1373673065407095,
                    -0.052061750328101064
                ]
            ],
            "object_pose": [
                0.8014335406438812,
                -0.16468055440987175,
                0.9386435604964948,
                0.35776329471443075,
                0.5507465584864971,
                0.6099302247488247,
                -0.44347353270313983
            ]
        },
        {
            "contact_pose": [
                [
                    0.044068392652091504,
                    0.0034378649591625993,
                    0.004067999776452798
                ],
                [
                    0.15078761661270584,
                    -0.9857023154603342,
                    0.07519335058630908
                ],
                [
                    1.4970010752901608e-05,
                    -0.07606076482513874,
                    -0.9971031841440052
                ],
                [
                    0.9885661811189772,
                    0.1503519382992812,
                    -0.011454265471460556
                ]
            ],
            "object_pose": [
                0.8016383861268972,
                -0.1646251702814841,
                0.9390422878251486,
                0.553525125648408,
                -0.518445661979686,
                0.4400197953289041,
                0.4808394852433281
            ]
        },
        {
            "contact_pose": [
                [
                    0.04444599896669377,
                    -0.002144000027328559,
                    -0.004397999960929165
                ],
                [
                    0.14115151644689722,
                    -0.982118610269292,
                    -0.12457642139448075
                ],
                [
                    2.2438665018831294e-06,
                    -0.1258359763937374,
                    0.9920510607020181
                ],
                [
                    -0.9899880046746556,
                    -0.14002979114370165,
                    -0.017759735148501543
                ]
            ],
            "object_pose": [
                0.8036389590400026,
                -0.16467421721573497,
                0.9391796570792766,
                -0.4287761745154222,
                -0.49612105034564824,
                -0.562274056044889,
                0.5038479745624465
            ]
        },
        {
            "contact_pose": [
                [
                    0.0436238663257551,
                    0.005913412987663961,
                    0.00406799977645277
                ],
                [
                    0.15131333459041973,
                    -0.9823615019218401,
                    0.10986425404559202
                ],
                [
                    1.4365812219224727e-05,
                    -0.11114179713552624,
                    -0.9938045586145744
                ],
                [
                    0.9884858494529658,
                    0.1503774599843748,
                    -0.01680312351608043
                ]
            ],
            "object_pose": [
                0.8022191028353703,
                -0.16462613525857245,
                0.9391589687843201,
                0.5613056386324179,
                -0.5100242249458754,
                0.4300501865428768,
                0.4897633173914207
            ]
        },
        {
            "contact_pose": [
                [
                    0.043134050282875425,
                    0.00722318876489764,
                    -0.004397999960929165
                ],
                [
                    0.1439217646309195,
                    -0.978809590911375,
                    -0.1456650624049199
                ],
                [
                    1.9353647382924777e-05,
                    -0.1471947415919344,
                    0.989107530894958
                ],
                [
                    -0.989589068902319,
                    -0.1423569204063878,
                    -0.0211655834186259
                ]
            ],
            "object_pose": [
                0.7975833919247814,
                -0.16467716155837503,
                0.9393376048566694,
                0.4218996832293416,
                0.5008215221890802,
                0.5674595440334691,
                -0.4991674329205795
            ]
        }
    ]
}