{
    "hook_path": "models/hook/Hook_90/base.urdf",
    "obj_path": "models/geo_data/mug/123/base.urdf",
    "hook_pose": [
        0.8,
        -0.2,
        1.0,
        4.329780281177466e-17,
        0.7071067811865475,
        0.7071067811865476,
        4.329780281177467e-17
    ],
    "contact_info": [
        {
            "contact_pose": [
                [
                    0.010775267194300936,
                    0.04525792416607137,
                    -0.023743085492298206
                ],
                [
                    0.2143157912729828,
                    -0.6645251386510895,
                    -0.7158736492648583
                ],
                [
                    -0.03536422043313442,
                    -0.7377015380748273,
                    0.6742001280296458
                ],
                [
                    -0.9761240256874082,
                    -0.11917542038014511,
                    -0.1816015023424194
                ]
            ],
            "object_pose": [
                0.8035277528374638,
                -0.16605651433728658,
                0.9279906677297832,
                0.17999077054245183,
                0.6387609978148806,
                0.6707616657971498,
                -0.33115932402259984
            ]
        },
        {
            "contact_pose": [
                [
                    0.009289538405521209,
                    0.05025099962949757,
                    -0.010508164467116062
                ],
                [
                    0.4364618850883062,
                    0.009674304959776392,
                    0.8996707345961118
                ],
                [
                    0.6559415684367206,
                    0.681000934932762,
                    -0.3255432158984105
                ],
                [
                    -0.6158260157397845,
                    0.73221863841632,
                    0.29088517303880135
                ]
            ],
            "object_pose": [
                0.8073072942632774,
                -0.13213188546357968,
                1.0214089926739751,
                0.9066188478971128,
                -0.21012278278633154,
                0.07754385118158773,
                -0.3575998209392279
            ]
        },
        {
            "contact_pose": [
                [
                    0.011009999550879163,
                    0.045726999640464824,
                    -0.023781999945640626
                ],
                [
                    0.21727707788415054,
                    -0.6917783384146332,
                    -0.6886460643366911
                ],
                [
                    -0.03724645728611409,
                    -0.7108625066280708,
                    0.7023440738627256
                ],
                [
                    -0.9753990838860566,
                    -0.12695364181757585,
                    -0.18022042055076942
                ]
            ],
            "object_pose": [
                0.8010769019445397,
                -0.16597952991418602,
                0.9278993746471494,
                0.19180317812774828,
                0.6322457749572609,
                0.6667745587655832,
                -0.3448021297668414
            ]
        },
        {
            "contact_pose": [
                [
                    0.01201600022613985,
                    0.045726999640464824,
                    0.02244400046765809
                ],
                [
                    0.19091907897168886,
                    -0.7377929844108568,
                    0.64746537933601
                ],
                [
                    -0.02583334304525333,
                    -0.6631462197707845,
                    -0.7480439356019302
                ],
                [
                    0.9812657864573229,
                    0.12608966396116564,
                    -0.14566692476486232
                ]
            ],
            "object_pose": [
                0.8026513386914998,
                -0.16628364850947824,
                0.9277281421599969,
                0.6610071293586632,
                -0.355125902909943,
                0.2239484391872218,
                0.6219342928356857
            ]
        },
        {
            "contact_pose": [
                [
                    0.011009999550878941,
                    0.045726999640464824,
                    -0.023781999945640626
                ],
                [
                    0.2131591429489037,
                    -0.7026807750075312,
                    -0.6788246520362268
                ],
                [
                    -0.03537734095567435,
                    -0.6998882450484722,
                    0.7133756991865337
                ],
                [
                    -0.9763767835852075,
                    -0.12804754147497377,
                    -0.17404655583498357
                ]
            ],
            "object_pose": [
                0.8001609759599043,
                -0.16605582017799725,
                0.9278619409885513,
                0.1985890641079747,
                0.6297131195069957,
                0.6654875754955021,
                -0.34806616842003674
            ]
        },
        {
            "contact_pose": [
                [
                    0.01201600022613985,
                    0.045726999640464824,
                    0.022444000467658036
                ],
                [
                    0.18988405866799513,
                    -0.7404013461383785,
                    0.6447867018636837
                ],
                [
                    -0.025347952033155645,
                    -0.6602130630016545,
                    -0.7506505130682979
                ],
                [
                    0.9814792537753891,
                    0.12619254367216404,
                    -0.14413159379558244
                ]
            ],
            "object_pose": [
                0.8028871518785693,
                -0.16630152391482503,
                0.9277321918623427,
                0.6606117039348252,
                -0.3559332078640725,
                0.22565061623613886,
                0.6212773354599127
            ]
        },
        {
            "contact_pose": [
                [
                    0.01201600022613985,
                    0.045726999640464824,
                    0.022444000467658064
                ],
                [
                    0.18786932591748862,
                    -0.7460432378922621,
                    0.6388463066924142
                ],
                [
                    -0.02434097148632975,
                    -0.65376445428774,
                    -0.7563065221303829
                ],
                [
                    0.9818923736776909,
                    0.12653665676428805,
                    -0.14098170451695713
                ]
            ],
            "object_pose": [
                0.8034020426341612,
                -0.16633940393697091,
                0.9277429446074152,
                0.6597427513755594,
                -0.3577818195346864,
                0.22927934111960896,
                0.6198085634723144
            ]
        },
        {
            "contact_pose": [
                [
                    0.01201600022613985,
                    0.04572699964046471,
                    0.022444000467658036
                ],
                [
                    0.19168440622335875,
                    -0.7355830079852762,
                    0.6497497416499154
                ],
                [
                    -0.026207636952227525,
                    -0.6656261012438061,
                    -0.7458250821126569
                ],
                [
                    0.9811066446498968,
                    0.1259346326722878,
                    -0.14686803640519386
                ]
            ],
            "object_pose": [
                0.8024512637267465,
                -0.1662696870003655,
                0.9277252314192065,
                0.6613389330309338,
                -0.3543982674811631,
                0.22254661799585354,
                0.6224995473753084
            ]
        },
        {
            "contact_pose": [
                [
                    0.016880088267959274,
                    0.016992360524300577,
                    -0.007676795587334757
                ],
                [
                    0.4703374576770172,
                    -0.6183613807873077,
                    -0.6296124829263905
                ],
                [
                    -0.35830527556093983,
                    -0.7858096648995977,
                    0.5041036600299397
                ],
                [
                    -0.8064738095010396,
                    -0.011505359672613291,
                    -0.5911578649461452
                ]
            ],
            "object_pose": [
                0.8051031897915966,
                -0.15378110640751486,
                0.9552467272495626,
                0.012009182320795155,
                0.702924675696962,
                0.566306579300926,
                -0.43017384634213957
            ]
        },
        {
            "contact_pose": [
                [
                    0.011009999550879052,
                    0.045726999640464824,
                    -0.0237819999456406
                ],
                [
                    0.2173796397363381,
                    -0.6916119359100406,
                    -0.6887808231468597
                ],
                [
                    -0.037250487231013985,
                    -0.7110190944779069,
                    0.7021853377057009
                ],
                [
                    -0.9753760779459131,
                    -0.12698337448100483,
                    -0.18032395619069858
                ]
            ],
            "object_pose": [
                0.8010893279529553,
                -0.16597941895589466,
                0.9279002229041471,
                0.19169331961568292,
                0.6322673358431679,
                0.6668046397553129,
                -0.34476551399652744
            ]
        }
    ]
}