{
    "hook_path": "models/hook/Hook_90/base.urdf",
    "obj_path": "models/geo_data/mug/113/base.urdf",
    "hook_pose": [
        0.8,
        -0.2,
        1.0,
        4.329780281177466e-17,
        0.7071067811865475,
        0.7071067811865476,
        4.329780281177467e-17
    ],
    "contact_info": [
        {
            "contact_pose": [
                [
                    0.041765310902060905,
                    -0.0014105721343641688,
                    0.003465161074159309
                ],
                [
                    0.1652755602341553,
                    -0.9799843239198118,
                    0.11097168134580795
                ],
                [
                    0.001167489033573138,
                    -0.11232462403521454,
                    -0.9936708790161379
                ],
                [
                    0.9862467369571586,
                    0.16435906943876608,
                    -0.017420394214261004
                ]
            ],
            "object_pose": [
                0.8000184613378593,
                -0.16561174030563197,
                0.9417213837141581,
                0.5649111080112842,
                -0.5128888522524605,
                0.4259802631135036,
                0.48617001215456224
            ]
        },
        {
            "contact_pose": [
                [
                    0.041736842058678204,
                    -0.0014674757914979021,
                    0.003453303917603148
                ],
                [
                    0.1650321049529752,
                    -0.9825520552793111,
                    0.08576632789849467
                ],
                [
                    0.0011890711939300247,
                    -0.08676041587228783,
                    -0.9962284960526695
                ],
                [
                    0.9862874786006797,
                    0.16451166798762198,
                    -0.013149929712529818
                ]
            ],
            "object_pose": [
                0.8012891592316516,
                -0.16561381282144397,
                0.9417216038201804,
                0.5593449443500957,
                -0.5190270390102999,
                0.43327562685541565,
                0.47960024726769657
            ]
        },
        {
            "contact_pose": [
                [
                    0.04168862794974613,
                    -0.0006431737883755674,
                    -0.0025741133922913303
                ],
                [
                    0.16914757443471046,
                    -0.9776259779095583,
                    -0.1250461729891532
                ],
                [
                    -3.663447413748688e-05,
                    -0.12688057521692508,
                    0.9919179997815026
                ],
                [
                    -0.9855907349000237,
                    -0.16777594270038046,
                    -0.02149735635442751
                ]
            ],
            "object_pose": [
                0.7998299003538415,
                -0.16553116661483502,
                0.9419737896576673,
                -0.420458455092869,
                -0.48921029853298004,
                -0.568503623826488,
                0.5105796715952772
            ]
        },
        {
            "contact_pose": [
                [
                    0.041597336035810374,
                    -0.0008452427977472645,
                    -0.0025675915882478503
                ],
                [
                    0.16877142208461915,
                    -0.9773941736875497,
                    -0.1273453427855405
                ],
                [
                    -3.507244575373658e-06,
                    -0.12919926514976787,
                    0.9916186514343398
                ],
                [
                    -0.9856552171399663,
                    -0.16735644333694316,
                    -0.021808571672027766
                ]
            ],
            "object_pose": [
                0.80026208197438,
                -0.1655267430277539,
                0.9418900268497135,
                -0.41990912904845873,
                -0.4898960110812223,
                -0.5689240456506273,
                0.5099055323773164
            ]
        }
    ]
}