{
    "hook_path": "models/hook/Hook_90/base.urdf",
    "obj_path": "models/geo_data/mug/126/base.urdf",
    "hook_pose": [
        0.8,
        -0.2,
        1.0,
        4.329780281177466e-17,
        0.7071067811865475,
        0.7071067811865476,
        4.329780281177467e-17
    ],
    "contact_info": [
        {
            "contact_pose": [
                [
                    0.04415988956436414,
                    -0.0006685680568080075,
                    -0.0010666588093728969
                ],
                [
                    0.07342901627109422,
                    -0.9854817107409624,
                    -0.15308160361233925
                ],
                [
                    -4.7370455640294296e-06,
                    -0.15349631892855964,
                    0.9881492195275681
                ],
                [
                    -0.9973004459775496,
                    -0.07255809996442755,
                    -0.011275751971924597
                ]
            ],
            "object_pose": [
                0.801918519309404,
                -0.16540624587785377,
                0.9349365245753646,
                0.43998737464206544,
                0.5197423016970707,
                0.5535419962683957,
                -0.4794479203723936
            ]
        },
        {
            "contact_pose": [
                [
                    0.04409295294940021,
                    -0.0007170460232867847,
                    -0.0010608868797511962
                ],
                [
                    0.07337627639284339,
                    -0.9886588216851531,
                    -0.131033035402703
                ],
                [
                    4.497214556420381e-06,
                    -0.13138688425672457,
                    0.9913311689970639
                ],
                [
                    -0.9973043276966647,
                    -0.07274077913684332,
                    -0.009636234122771759
                ]
            ],
            "object_pose": [
                0.8006713758651306,
                -0.1654067038653615,
                0.9349164899947576,
                0.4461587953506605,
                0.5143655701568932,
                0.5485841575715851,
                -0.48520697813396707
            ]
        },
        {
            "contact_pose": [
                [
                    0.04416174406245501,
                    -0.0006672249608606594,
                    -0.0010668187223363513
                ],
                [
                    0.07377936897341808,
                    -0.9853226028830622,
                    -0.15393496341517648
                ],
                [
                    -9.510983721316979e-06,
                    -0.15435634127226922,
                    0.988015242705587
                ],
                [
                    -0.9972745883774565,
                    -0.07289367707000555,
                    -0.011397684843349853
                ]
            ],
            "object_pose": [
                0.801968534789965,
                -0.16540613567622559,
                0.9349386573130838,
                0.4396481117129632,
                0.5198679633639902,
                0.5538093375660663,
                -0.4793141518457781
            ]
        },
        {
            "contact_pose": [
                [
                    0.04399575682487002,
                    -0.0007874390431517851,
                    0.0010620000539347562
                ],
                [
                    0.07543239114091649,
                    -0.9921260518220221,
                    0.09997925616251843
                ],
                [
                    6.641774281418433e-06,
                    -0.10026441917674939,
                    -0.9949608264665681
                ],
                [
                    0.9971509185287104,
                    0.07505293827156803,
                    -0.007556595407562483
                ]
            ],
            "object_pose": [
                0.8010928251932541,
                -0.16553243125228084,
                0.9349087445325269,
                0.5419960415465154,
                -0.49372741475807486,
                0.45414051992202675,
                0.5061915833250957
            ]
        },
        {
            "contact_pose": [
                [
                    0.04404520549085791,
                    -0.0007516264946164329,
                    0.0010620000539347284
                ],
                [
                    0.07536582512268508,
                    -0.9906347738375993,
                    0.11385401735251224
                ],
                [
                    9.683701480411866e-07,
                    -0.11417867449031871,
                    -0.9934602308551143
                ],
                [
                    0.9971559518965124,
                    0.07487306027780052,
                    -0.00860421071323475
                ]
            ],
            "object_pose": [
                0.8003078559867641,
                -0.16553241417190054,
                0.9348804647597765,
                0.5451440282165029,
                -0.4901576467207108,
                0.45035371951940056,
                0.5096518391766491
            ]
        },
        {
            "contact_pose": [
                [
                    0.043959009199112574,
                    -0.000814053029691366,
                    0.0010620000539347423
                ],
                [
                    0.07556630132184067,
                    -0.9933522447370342,
                    0.08683923065316212
                ],
                [
                    4.383314763101165e-07,
                    -0.08708820203009593,
                    -0.9962006048316645
                ],
                [
                    0.9971407794811852,
                    0.07527923314607765,
                    -0.006580497898627635
                ]
            ],
            "object_pose": [
                0.8018313247493376,
                -0.16553202329558464,
                0.9349293078593076,
                0.5390080941253843,
                -0.4971014896782748,
                0.45767946603825177,
                0.5028815862545597
            ]
        },
        {
            "contact_pose": [
                [
                    0.04408537865919628,
                    -0.0007225316037389982,
                    0.001062000053934784
                ],
                [
                    0.07526890986903856,
                    -0.9885665152805065,
                    0.1306554096594641
                ],
                [
                    1.173281426133932e-05,
                    -0.1310262198825714,
                    -0.991378903127167
                ],
                [
                    0.997163272021923,
                    0.07462154226119888,
                    -0.00985060206751337
                ]
            ],
            "object_pose": [
                0.7993640417319439,
                -0.1655328315496967,
                0.9348937625344068,
                0.5489282022120298,
                -0.48578657859894436,
                0.4457394925552363,
                0.5138146880403488
            ]
        },
        {
            "contact_pose": [
                [
                    -0.005049999803304539,
                    0.025682000443339157,
                    0.03327199816703788
                ],
                [
                    -0.014009580504855259,
                    0.089190152104121,
                    -0.9959160850301204
                ],
                [
                    0.6610238704496129,
                    0.7481429846112673,
                    0.057701969401043565
                ],
                [
                    0.7502340797043892,
                    -0.6575159247840232,
                    -0.06943798892190996
                ]
            ],
            "object_pose": [
                0.7993232341482619,
                -0.14570443155864277,
                1.0039453516321797,
                -0.04356564195403691,
                -0.4115143648150343,
                0.9102823573298228,
                -0.01199968024876188
            ]
        },
        {
            "contact_pose": [
                [
                    0.04413566942742377,
                    -0.0006861091736889112,
                    -0.0010645703122787143
                ],
                [
                    0.07378014665967647,
                    -0.9866936943303976,
                    -0.14488631242290928
                ],
                [
                    -1.256375862024317e-05,
                    -0.14528319439132525,
                    0.989390111770683
                ],
                [
                    -0.9972745308093598,
                    -0.07299552723341804,
                    -0.010731411970785865
                ]
            ],
            "object_pose": [
                0.8014512966246461,
                -0.1654063943529265,
                0.934927232950339,
                0.44218367127955227,
                0.5176638264714156,
                0.5517855733656207,
                -0.4816953857390397
            ]
        },
        {
            "contact_pose": [
                [
                    0.04412736073176029,
                    -0.0006921266376745637,
                    -0.0010638538552746846
                ],
                [
                    0.07364465792710628,
                    -0.9871171132511676,
                    -0.1420431944356409
                ],
                [
                    -6.297294193657876e-06,
                    -0.1424304168069077,
                    0.9898048172890223
                ],
                [
                    -0.9972845453124919,
                    -0.07289294269606841,
                    -0.010495455491025651
                ]
            ],
            "object_pose": [
                0.8012901091843754,
                -0.16540366381583296,
                0.9349241018976114,
                0.4430173714353922,
                0.5170001327450908,
                0.5511192792484935,
                -0.48240440647723704
            ]
        }
    ]
}