{
    "hook_path": "models/hook/Hook_90/base.urdf",
    "obj_path": "models/geo_data/mug/142/base.urdf",
    "hook_pose": [
        0.8,
        -0.2,
        1.0,
        4.329780281177466e-17,
        0.7071067811865475,
        0.7071067811865476,
        4.329780281177467e-17
    ],
    "contact_info": [
        {
            "contact_pose": [
                [
                    0.045282471374763905,
                    0.012307240208929045,
                    -0.012159900833971676
                ],
                [
                    -0.058176609380980016,
                    -0.9564217649955846,
                    -0.28613439073914804
                ],
                [
                    1.9052925772866658e-05,
                    -0.2866209004976361,
                    0.9580440799018123
                ],
                [
                    -0.9983063065802593,
                    0.055730304508900264,
                    0.016692854801571677
                ]
            ],
            "object_pose": [
                0.8012314633952535,
                -0.16414196605216427,
                0.9338009431975284,
                0.438638509109587,
                0.5791903060139809,
                0.5546222000506337,
                -0.4056218225842203
            ]
        },
        {
            "contact_pose": [
                [
                    0.04657524070785499,
                    0.011564397633736519,
                    -0.008418153576587822
                ],
                [
                    0.32547276061032093,
                    -0.9156540931859287,
                    0.23589205949448877
                ],
                [
                    -0.00018890064897814085,
                    -0.24953861691389267,
                    -0.9683648294858951
                ],
                [
                    0.9455513980832781,
                    0.3151318141675896,
                    -0.08139099017828827
                ]
            ],
            "object_pose": [
                0.800207254524877,
                -0.1653176150112165,
                0.9337011927119828,
                0.6226626239411477,
                -0.5194777799199113,
                0.3349579173899848,
                0.47983047682902485
            ]
        },
        {
            "contact_pose": [
                [
                    0.04580495609377941,
                    0.013286402931629533,
                    -0.008327479863775222
                ],
                [
                    0.328060130189581,
                    -0.9098169822539484,
                    0.25418420443118406
                ],
                [
                    -0.00026436047415440145,
                    -0.2691641138858855,
                    -0.9630942892103379
                ],
                [
                    0.9446568059848692,
                    0.31588564164637944,
                    -0.0885425338925892
                ]
            ],
            "object_pose": [
                0.8008597228158482,
                -0.16531473014249595,
                0.9339738868275702,
                0.6264593932577373,
                -0.5152586238214141,
                0.3277444863946159,
                0.48439728613477984
            ]
        },
        {
            "contact_pose": [
                [
                    0.04581404017811927,
                    0.011077841318702271,
                    -0.012027073382239411
                ],
                [
                    -0.05901822664316364,
                    -0.9566236280747291,
                    -0.28528596729078465
                ],
                [
                    3.340208060353955e-05,
                    -0.28578600833070317,
                    0.9582934604424183
                ],
                [
                    -0.9982569047135099,
                    0.05654725149417772,
                    0.016898536630638727
                ]
            ],
            "object_pose": [
                0.8025118545931772,
                -0.16412669372922467,
                0.9336524745962593,
                0.43911692243752026,
                0.5791804159120798,
                0.5542499702023471,
                -0.4056271006523215
            ]
        },
        {
            "contact_pose": [
                [
                    0.0458412522115986,
                    0.0110149060155973,
                    -0.012020273688501426
                ],
                [
                    -0.05903489233179621,
                    -0.9614435425635071,
                    -0.2685911315555804
                ],
                [
                    3.9529962518436434e-05,
                    -0.2690626457582609,
                    0.9631226770743935
                ],
                [
                    -0.9982559190532031,
                    0.05684722614603499,
                    0.01592209015004825
                ]
            ],
            "object_pose": [
                0.8015305119054416,
                -0.1641260737744431,
                0.9336233001967992,
                0.44393006897285436,
                0.5756298349936131,
                0.5504051769769394,
                -0.4106464757963552
            ]
        },
        {
            "contact_pose": [
                [
                    0.04080835513174805,
                    0.02265486314915944,
                    -0.014308979629230978
                ],
                [
                    -0.05142854632447125,
                    -0.9040757403894554,
                    -0.4242666145977196
                ],
                [
                    4.3495770752466356e-05,
                    -0.4248308277488009,
                    0.9052727577379023
                ],
                [
                    -0.9986766757720287,
                    0.046538408154199074,
                    0.021887755376089557
                ]
            ],
            "object_pose": [
                0.7972675416571512,
                -0.16417220028105517,
                0.9340174864443693,
                0.39443481379285983,
                0.6063747865349379,
                0.586892601379135,
                -0.3637139952893375
            ]
        },
        {
            "contact_pose": [
                [
                    0.04147798509468406,
                    0.021106159899269457,
                    -0.013110558988745807
                ],
                [
                    -0.04726416552476398,
                    -0.8881276591728755,
                    -0.45716010288448866
                ],
                [
                    9.870968194714003e-06,
                    -0.45767200053409574,
                    0.8891211052661401
                ],
                [
                    -0.9988824247927339,
                    0.042019054478024565,
                    0.021640251869169902
                ]
            ],
            "object_pose": [
                0.8010716613145588,
                -0.16419216384115792,
                0.9342355889427378,
                0.38238358442855863,
                0.6122028435074274,
                0.5948005798951987,
                -0.3538399962091949
            ]
        },
        {
            "contact_pose": [
                [
                    0.045796768946803706,
                    0.013304705660528778,
                    -0.00832651611738836
                ],
                [
                    0.32857572100675103,
                    -0.9113395876578085,
                    0.24798820845473496
                ],
                [
                    -0.0002762404177057143,
                    -0.2626592424882863,
                    -0.9648886184564056
                ],
                [
                    0.9444775906585212,
                    0.3169704691342317,
                    -0.08655519880804208
                ]
            ],
            "object_pose": [
                0.8012850946768545,
                -0.165314232688568,
                0.9339924792131928,
                0.6254363351235801,
                -0.5170247820697772,
                0.32968359149088977,
                0.4825178700675781
            ]
        },
        {
            "contact_pose": [
                [
                    0.04673522325213805,
                    0.011206749585480465,
                    -0.00843698585106179
                ],
                [
                    0.324896448379796,
                    -0.9097653156266816,
                    0.2583976940935791
                ],
                [
                    -0.00017240408188901046,
                    -0.2732769574691599,
                    -0.961935379738801
                ],
                [
                    0.9457495800194823,
                    0.31248483963079443,
                    -0.0889435601597417
                ]
            ],
            "object_pose": [
                0.7983520557308398,
                -0.1653184131853845,
                0.9335504132850255,
                0.6266398745775927,
                -0.5133857101680724,
                0.3274694879655727,
                0.486334570677603
            ]
        },
        {
            "contact_pose": [
                [
                    0.045545543521667814,
                    0.011698813598090003,
                    -0.012094164841425841
                ],
                [
                    -0.05877198100601938,
                    -0.9520433538735585,
                    -0.3002653936000857
                ],
                [
                    3.0241593717839077e-05,
                    -0.30078701898367266,
                    0.9536913380629823
                ],
                [
                    -0.9982714326945724,
                    0.05604124870220201,
                    0.01770664027487512
                ]
            ],
            "object_pose": [
                0.8027837425673182,
                -0.16413571349574285,
                0.933750710015134,
                0.4346855463136065,
                0.5822964023391717,
                0.5577307563895866,
                -0.40114309046274077
            ]
        }
    ]
}