{
    "hook_path": "models/hook/Hook_90/base.urdf",
    "obj_path": "models/geo_data/mug/204/base.urdf",
    "hook_pose": [
        0.8,
        -0.2,
        1.0,
        4.329780281177466e-17,
        0.7071067811865475,
        0.7071067811865476,
        4.329780281177467e-17
    ],
    "contact_info": [
        {
            "contact_pose": [
                [
                    0.018506052772473344,
                    0.04759614908804962,
                    -0.023843492511495742
                ],
                [
                    0.29666594490680653,
                    -0.8833796620128145,
                    -0.3628080620309828
                ],
                [
                    -0.008664975278105946,
                    -0.3823854847569165,
                    0.9239622607285689
                ],
                [
                    -0.9549420062684337,
                    -0.270964414249074,
                    -0.12109521408658047
                ]
            ],
            "object_pose": [
                0.7867713794790612,
                -0.16183328448692857,
                0.9354160514783799,
                0.2989826702510688,
                0.5245256483385762,
                0.6373985215314574,
                -0.478753936666895
            ]
        },
        {
            "contact_pose": [
                [
                    0.043556999415159045,
                    -0.022622737853838316,
                    -0.004211120140460199
                ],
                [
                    0.2651812041762066,
                    -0.9356339851817709,
                    0.23295487701384365
                ],
                [
                    0.0004770891982026071,
                    0.24173195953701143,
                    0.9703429456250475
                ],
                [
                    -0.9641984761124415,
                    -0.25720557052924553,
                    0.06454915298570019
                ]
            ],
            "object_pose": [
                0.8069871319614061,
                -0.16228074997173064,
                0.9406293264479462,
                -0.49402084867007406,
                -0.35684816913454537,
                -0.5061441945517119,
                0.6102629266031336
            ]
        },
        {
            "contact_pose": [
                [
                    0.018866000697016758,
                    0.04190966875013121,
                    0.023671999573707594
                ],
                [
                    0.31044732838596867,
                    -0.8274301283633863,
                    0.4679549540015195
                ],
                [
                    -0.026841413403353623,
                    -0.4997120726124237,
                    -0.8657755962210448
                ],
                [
                    0.9502115526684173,
                    0.25621714845409044,
                    -0.17734367204253382
                ]
            ],
            "object_pose": [
                0.8084849770416386,
                -0.16018660773094062,
                0.9341036043705656,
                0.6514082224404786,
                -0.4514154427619652,
                0.24949272741957643,
                0.5564573700991798
            ]
        },
        {
            "contact_pose": [
                [
                    0.01763099990785126,
                    0.045370001345872955,
                    0.024289999157190365
                ],
                [
                    0.29269066841404096,
                    -0.8589741272588236,
                    0.42011381948620163
                ],
                [
                    -0.019763030291936295,
                    -0.44469477265841356,
                    -0.8954641153077896
                ],
                [
                    0.956002926385177,
                    0.2537912683096578,
                    -0.1471339419466267
                ]
            ],
            "object_pose": [
                0.8116502308027642,
                -0.1605260343482654,
                0.9343906607311928,
                0.6430672704904059,
                -0.4619092116193919,
                0.27673628326992306,
                0.5445377813954878
            ]
        },
        {
            "contact_pose": [
                [
                    0.01994239702371807,
                    -0.04126859160969563,
                    -0.021927086023931633
                ],
                [
                    0.2682371502280165,
                    -0.9177429277919545,
                    0.29291082213773556
                ],
                [
                    0.00033311660518062225,
                    0.30414184151224327,
                    0.9526266998540767
                ],
                [
                    -0.9633528534607039,
                    -0.2554322977412864,
                    0.0818878562408798
                ]
            ],
            "object_pose": [
                0.8033956594678232,
                -0.16228114815880246,
                0.9404297871088602,
                -0.509365203219073,
                -0.33590317187985796,
                -0.4906257718997066,
                0.6220952505995045
            ]
        },
        {
            "contact_pose": [
                [
                    0.01869757060942738,
                    0.04519641121430059,
                    -0.023604230919872224
                ],
                [
                    0.31683934768515115,
                    -0.8635111917004664,
                    -0.392378961676704
                ],
                [
                    -0.018871542814060283,
                    -0.41935014005648946,
                    0.9076284068419298
                ],
                [
                    -0.9482914597476164,
                    -0.28016759598969165,
                    -0.1491624132517705
                ]
            ],
            "object_pose": [
                0.7888820616359762,
                -0.16134392816237106,
                0.9353370172591681,
                0.2777507423570386,
                0.5317619083060277,
                0.6429764799066011,
                -0.4760935247215215
            ]
        },
        {
            "contact_pose": [
                [
                    0.04355699941515927,
                    -0.02258385407177036,
                    -0.004211875432757376
                ],
                [
                    0.2655068374710179,
                    -0.9324278404737989,
                    0.24512127929966887
                ],
                [
                    0.0004583629100849973,
                    0.2543684966051066,
                    0.9671072628402191
                ],
                [
                    -0.9641088678980094,
                    -0.25666123634905547,
                    0.06796396542428296
                ]
            ],
            "object_pose": [
                0.8062582983562975,
                -0.16228176817217568,
                0.940565571299575,
                -0.49722188353407637,
                -0.3527602306954366,
                -0.502990636085671,
                0.6126426676168253
            ]
        },
        {
            "contact_pose": [
                [
                    0.018227052791846707,
                    0.047178383101777986,
                    -0.02419204479513369
                ],
                [
                    0.30942882848655745,
                    -0.8742883684489281,
                    -0.37399685680009137
                ],
                [
                    -0.01502267599227819,
                    -0.397744269711185,
                    0.9173733237444543
                ],
                [
                    -0.9508039331573401,
                    -0.2782433192492277,
                    -0.13620769429699908
                ]
            ],
            "object_pose": [
                0.7875614186887724,
                -0.16152599573613968,
                0.9354376857293378,
                0.28841686321988996,
                0.5269668427764554,
                0.6397690012920759,
                -0.4793926205213777
            ]
        },
        {
            "contact_pose": [
                [
                    0.018866000697016758,
                    -0.03796299919486049,
                    0.023672999814152704
                ],
                [
                    0.21737365181435836,
                    -0.9146391468641983,
                    -0.34085763380100714
                ],
                [
                    1.8793654558979522e-05,
                    0.34921164761845036,
                    -0.9370438756079706
                ],
                [
                    0.9760884668633723,
                    0.20368224319056044,
                    0.07592660051110373
                ]
            ],
            "object_pose": [
                0.7997951243115686,
                -0.16131744646117369,
                0.9405369031489529,
                -0.46444682231772033,
                0.6213938129996566,
                -0.5331965360598767,
                -0.3374319669777426
            ]
        },
        {
            "contact_pose": [
                [
                    0.02333518895472779,
                    0.05030899867415425,
                    0.006230247137426439
                ],
                [
                    0.3114643679937338,
                    0.7652139684253231,
                    -0.5634159475884868
                ],
                [
                    0.9261589891773114,
                    -0.37713323879325866,
                    -0.00021671033058320854
                ],
                [
                    -0.2126487108738833,
                    -0.5217452469587773,
                    -0.8261733613713286
                ]
            ],
            "object_pose": [
                0.7986469848829678,
                -0.13269248563323485,
                0.9754714329775248,
                -0.4585296595178024,
                0.16993506955040058,
                0.8676577931022944,
                -0.08968041897897623
            ]
        }
    ]
}