{
    "hook_path": "models/hook/Hook_bar/base.urdf",
    "obj_path": "models/geo_data/mug/128/base.urdf",
    "hook_pose": [
        0.8,
        -0.2,
        1.0,
        4.329780281177466e-17,
        0.7071067811865475,
        0.7071067811865476,
        4.329780281177467e-17
    ],
    "contact_info": [
        {
            "contact_pose": [
                [
                    -0.03220126659173221,
                    -0.012501723243268037,
                    -0.025768564655690853
                ],
                [
                    -0.011539126504608602,
                    0.798547419542567,
                    0.6018212918312363
                ],
                [
                    0.9917047171065555,
                    -0.06791488523354883,
                    0.1091298420796099
                ],
                [
                    0.12801797775358484,
                    0.5980882770173827,
                    -0.7911395643413754
                ]
            ],
            "object_pose": [
                0.7979952827808374,
                -0.11491844071780997,
                0.9571591674063172,
                0.8932544830499277,
                0.033772281828412,
                -0.4449143592473547,
                0.05483679810879331
            ]
        },
        {
            "contact_pose": [
                [
                    0.03604933653511573,
                    0.014383027236448964,
                    0.000407481993924072
                ],
                [
                    -0.16428387664317567,
                    -0.979738978088228,
                    0.11455279433398613
                ],
                [
                    0.4008759690208411,
                    -0.17242099517352638,
                    -0.8997607781432643
                ],
                [
                    0.9012820121009247,
                    -0.10189472625217402,
                    0.4210798017303882
                ]
            ],
            "object_pose": [
                0.8102146036169863,
                -0.13455359803052203,
                0.9411962025654304,
                0.5944606877461817,
                -0.30930426378931425,
                0.589113295754524,
                0.45154500095929506
            ]
        },
        {
            "contact_pose": [
                [
                    5.4729748628020575e-05,
                    -0.027357333851955754,
                    0.02495044848645492
                ],
                [
                    -0.01186362117485219,
                    -0.5612855031500398,
                    -0.8275372127259454
                ],
                [
                    0.999907108048073,
                    -0.0011052914154632229,
                    -0.013585050821625935
                ],
                [
                    0.006710422308532823,
                    -0.8276215090755519,
                    0.5612464770027047
                ]
            ],
            "object_pose": [
                0.7980032524587097,
                -0.12649217733633722,
                0.9648056330267227,
                0.2935763896529215,
                -0.0014659128828521382,
                0.9559113230119165,
                0.006655604809736331
            ]
        }
    ]
}