{
    "hook_path": "models/hook/Hook_bar/base.urdf",
    "obj_path": "models/geo_data/mug/73/base.urdf",
    "hook_pose": [
        0.8,
        -0.2,
        1.0,
        4.329780281177466e-17,
        0.7071067811865475,
        0.7071067811865476,
        4.329780281177467e-17
    ],
    "contact_info": [
        {
            "contact_pose": [
                [
                    0.03130313149641807,
                    -0.029464000836014748,
                    -0.005717999767512112
                ],
                [
                    -0.0008087218219293701,
                    -0.9271533904720575,
                    -0.3746811130884277
                ],
                [
                    -0.000859135398556643,
                    0.3746817415242659,
                    -0.9271530911638649
                ],
                [
                    0.9999993039274485,
                    -0.00042790712966866984,
                    -0.0010995635982955498
                ]
            ],
            "object_pose": [
                0.7986708819254438,
                -0.14213953131960827,
                0.9397938907149613,
                -0.39497843117800335,
                0.5863259207465835,
                -0.5861420230668374,
                -0.3957922211968666
            ]
        },
        {
            "contact_pose": [
                [
                    0.03272098646718925,
                    0.02475504649005833,
                    0.0059099998325109196
                ],
                [
                    -0.00010738843962859734,
                    -0.9001512580171696,
                    -0.43557743416966654
                ],
                [
                    -6.929517811388175e-05,
                    -0.43557742893700707,
                    0.9001512642877334
                ],
                [
                    -0.9999999918329505,
                    0.00012684925558476,
                    -1.560016132279296e-05
                ]
            ],
            "object_pose": [
                0.7984346231446035,
                -0.14681257192052646,
                0.9377512906153191,
                0.3756594601190699,
                0.5991188485190908,
                0.5990369958808821,
                -0.37562115613769104
            ]
        },
        {
            "contact_pose": [
                [
                    0.03257550506683972,
                    0.024759091889193896,
                    -0.005717999767512112
                ],
                [
                    -2.5288355070152146e-05,
                    -0.889799785157389,
                    0.4563511166792118
                ],
                [
                    -9.33430659791068e-05,
                    -0.4563511127366872,
                    -0.8897997826427355
                ],
                [
                    0.9999999953237855,
                    -6.509878523860979e-05,
                    -7.15162710785977e-05
                ]
            ],
            "object_pose": [
                0.8004220143014197,
                -0.14581887004982344,
                0.9377535272085137,
                0.6033640432665826,
                -0.3686723232090825,
                0.3686531700121565,
                0.6034296890546631
            ]
        },
        {
            "contact_pose": [
                [
                    -0.03679775955464472,
                    -0.027978890453964747,
                    -0.025881482626234076
                ],
                [
                    -0.0005084527165119435,
                    0.7820532319311928,
                    0.623211427929407
                ],
                [
                    0.9999998135704811,
                    0.00018690787430077446,
                    0.000581312694721758
                ],
                [
                    0.000338134348435546,
                    0.6232116073144194,
                    -0.7820531811672016
                ]
            ],
            "object_pose": [
                0.8002284573041887,
                -0.12841530776140714,
                0.9546830277660733,
                0.9008916206756375,
                0.00030241301678897155,
                -0.4340440007437767,
                4.196577886398725e-05
            ]
        },
        {
            "contact_pose": [
                [
                    0.0325889440633982,
                    0.024758718191216444,
                    -0.005717999767512112
                ],
                [
                    -1.3102616297333558e-05,
                    -0.8907820127420079,
                    0.45443085899135294
                ],
                [
                    -0.00023336919906360998,
                    -0.45443084393215344,
                    -0.890781989951485
                ],
                [
                    0.9999999726835689,
                    -0.00011772174021149051,
                    -0.00020192685187214732
                ]
            ],
            "object_pose": [
                0.8005269538124272,
                -0.13588714961901693,
                0.9377527035109128,
                0.6029261497173758,
                -0.369352402343446,
                0.3692741168663853,
                0.6030717100666031
            ]
        }
    ]
}