{
    "hook_path": "models/hook/Hook_bar/base.urdf",
    "obj_path": "models/geo_data/mug/142/base.urdf",
    "hook_pose": [
        0.8,
        -0.2,
        1.0,
        4.329780281177466e-17,
        0.7071067811865475,
        0.7071067811865476,
        4.329780281177467e-17
    ],
    "contact_info": [
        {
            "contact_pose": [
                [
                    0.04879600182175643,
                    0.007992999628186271,
                    -0.009228000417351744
                ],
                [
                    -0.3673574099729958,
                    -0.7693032803956174,
                    -0.5227054582749966
                ],
                [
                    0.18414983792640183,
                    -0.6110361823625011,
                    0.7698854596857508
                ],
                [
                    -0.9116673573895316,
                    0.18656700302144053,
                    0.3661357437535778
                ]
            ],
            "object_pose": [
                0.8199227091587378,
                -0.147325677980056,
                0.9335587688021638,
                0.4604376675166916,
                0.6174792756380645,
                0.6164998566869172,
                -0.1632312016566999
            ]
        },
        {
            "contact_pose": [
                [
                    -0.005782201699741984,
                    0.0026714296094227825,
                    -0.02919015026289891
                ],
                [
                    -0.01129062359513038,
                    0.03974590685435704,
                    0.9991460277192508
                ],
                [
                    0.999935933987536,
                    0.0012542629423174696,
                    0.011249655325638265
                ],
                [
                    -0.0008060640838155195,
                    0.9992090320412423,
                    -0.03975752190336414
                ]
            ],
            "object_pose": [
                0.7950869854475633,
                -0.1171910038004819,
                0.9639195361389737,
                0.9997863513956405,
                0.005636273912247301,
                -0.01988010454602107,
                -0.0005151918265479667
            ]
        },
        {
            "contact_pose": [
                [
                    0.047834999859332955,
                    0.007992999628186271,
                    -0.016437999904155717
                ],
                [
                    0.07627072282843639,
                    -0.6826858489392855,
                    -0.7267205848861551
                ],
                [
                    -0.05307217550605864,
                    -0.7305899922498594,
                    0.6807507674703017
                ],
                [
                    -0.9956737020863221,
                    -0.013352710676029111,
                    -0.09195424999052687
                ]
            ],
            "object_pose": [
                0.8268263414736449,
                -0.10226214710633388,
                0.9367594425427367,
                0.22740631528816288,
                0.6645374424583209,
                0.649423036251434,
                -0.29142078739167393
            ]
        },
        {
            "contact_pose": [
                [
                    0.047834999859333024,
                    0.007992999628186271,
                    -0.013553000055253573
                ],
                [
                    -0.2526835332748584,
                    -0.841760661428935,
                    -0.4770639589011685
                ],
                [
                    0.5810843454738689,
                    -0.5262650614778417,
                    0.6207947072204539
                ],
                [
                    -0.7736226570214573,
                    -0.1203497982484627,
                    0.6221124581654152
                ]
            ],
            "object_pose": [
                0.8226021859179242,
                -0.1290246739282245,
                0.9338622144182417,
                0.49590084400115664,
                0.44034924071094894,
                0.7379868058819717,
                -0.12470113659608863
            ]
        },
        {
            "contact_pose": [
                [
                    0.04655756833831225,
                    0.015338735089801481,
                    -0.011636847972707599
                ],
                [
                    0.0031304147535781146,
                    -0.9806523827929307,
                    0.19573222684580516
                ],
                [
                    0.33636127512791525,
                    -0.18329570191560318,
                    -0.9237227821449404
                ],
                [
                    0.9417278232577571,
                    0.06872837683092414,
                    0.3292796943639146
                ]
            ],
            "object_pose": [
                0.8091852212948722,
                -0.12412342375189338,
                0.9296652025560684,
                0.6326179492404251,
                -0.366276833439273,
                0.517663179937299,
                0.44459042243591057
            ]
        },
        {
            "contact_pose": [
                [
                    -0.015146042636618461,
                    0.03541078954076336,
                    0.030678000301122596
                ],
                [
                    0.0035239993441927423,
                    0.25702551481940855,
                    -0.9663981923412522
                ],
                [
                    0.9999936942008147,
                    -0.00048121627102685555,
                    0.003518520926164659
                ],
                [
                    0.0004393031180047825,
                    -0.9664044976937547,
                    -0.25702558987395013
                ]
            ],
            "object_pose": [
                0.8036136248416427,
                -0.12187233394344674,
                0.9623085054420994,
                -0.12960613813184899,
                1.0567435514724823e-05,
                0.9915639646835475,
                -0.0017756091692493548
            ]
        },
        {
            "contact_pose": [
                [
                    0.04783499985933297,
                    0.007992999628186049,
                    -0.013553000055253462
                ],
                [
                    -0.145471036785837,
                    -0.8799642460420238,
                    -0.4522179818894271
                ],
                [
                    0.48100949188370967,
                    -0.4623280358854968,
                    0.744904460955923
                ],
                [
                    -0.864562343717461,
                    -0.10915911744765683,
                    0.49052649357992845
                ]
            ],
            "object_pose": [
                0.818868617264897,
                -0.13221790351773766,
                0.933071008990839,
                0.4794873284422191,
                0.4642330698469414,
                0.7145604577677094,
                -0.20972103117863505
            ]
        }
    ]
}