{
    "hook_path": "models/hook/Hook_bar/base.urdf",
    "obj_path": "models/geo_data/mug/204/base.urdf",
    "hook_pose": [
        0.8,
        -0.2,
        1.0,
        4.329780281177466e-17,
        0.7071067811865475,
        0.7071067811865476,
        4.329780281177467e-17
    ],
    "contact_info": [
        {
            "contact_pose": [
                [
                    0.037943954800102216,
                    0.036685999482870296,
                    0.0032054802373266923
                ],
                [
                    -0.001044475167880421,
                    -0.8476120455414747,
                    -0.530615425072265
                ],
                [
                    0.043180935393586306,
                    -0.5301590204718206,
                    0.8467979805307134
                ],
                [
                    -0.9990667224415787,
                    -0.0220280109260102,
                    0.03715441890926263
                ]
            ],
            "object_pose": [
                0.7954204188782187,
                -0.12896014260079222,
                0.9300204925254222,
                0.35019191145545864,
                0.6052698734351207,
                0.6316297118153684,
                -0.3347505229496135
            ]
        },
        {
            "contact_pose": [
                [
                    0.037372656383229126,
                    0.036685999482870074,
                    0.0028369689346742456
                ],
                [
                    -0.0009620035495211954,
                    -0.7942512372841808,
                    0.6075887150216985
                ],
                [
                    -0.04912082380910551,
                    -0.6068180087118308,
                    -0.7933215293759039
                ],
                [
                    0.9987923804362374,
                    -0.030608436346152873,
                    -0.03843051400850611
                ]
            ],
            "object_pose": [
                0.7992397160464997,
                -0.1345597185980746,
                0.9299207594314947,
                0.6180330603750984,
                -0.3205166424857117,
                0.3057363641748185,
                0.6494840212000902
            ]
        },
        {
            "contact_pose": [
                [
                    0.004772999789565862,
                    -0.003956159662391767,
                    -0.028503000736236548
                ],
                [
                    -0.013187729712846314,
                    -0.08299254388014063,
                    0.99646290520286
                ],
                [
                    0.9993731268983159,
                    -0.03383825850407884,
                    0.010407953444065624
                ],
                [
                    0.0328547868430707,
                    0.9959755066876463,
                    0.08338676789384705
                ]
            ],
            "object_pose": [
                0.7964837488815585,
                -0.10620672829537267,
                0.9611207986135625,
                0.9989759179766075,
                0.005904967960765313,
                0.04163746812610444,
                0.016690353627901784
            ]
        },
        {
            "contact_pose": [
                [
                    0.03788163052570621,
                    0.036685999482870296,
                    0.003165278481350768
                ],
                [
                    0.002459332800301195,
                    -0.8421669533532965,
                    -0.5392112520726955
                ],
                [
                    0.047943565776628616,
                    -0.5384935091866534,
                    0.8412646165532375
                ],
                [
                    -0.9988470184081242,
                    -0.02792065979646774,
                    0.03905215197310463
                ]
            ],
            "object_pose": [
                0.7960290359666735,
                -0.14719417823852546,
                0.9299948520709439,
                0.3467029181833726,
                0.6048444069551274,
                0.6354280993247371,
                -0.3319509910917362
            ]
        },
        {
            "contact_pose": [
                [
                    0.03766506455746255,
                    0.036685999482870074,
                    0.0030255844007955985
                ],
                [
                    0.0027190073428060013,
                    -0.8206703844897572,
                    -0.5713954208956389
                ],
                [
                    0.04926583202919027,
                    -0.5705937478250431,
                    0.8197534097138255
                ],
                [
                    -0.998782000635545,
                    -0.03037918636839515,
                    0.038879560723507844
                ]
            ],
            "object_pose": [
                0.7982380594623059,
                -0.14515814507676064,
                0.9298987102491163,
                0.3344739245311794,
                0.6106861719611092,
                0.6424640922443107,
                -0.3200460644358739
            ]
        },
        {
            "contact_pose": [
                [
                    -0.0017369999550283458,
                    -0.011618508828565452,
                    0.03007699921727183
                ],
                [
                    -0.011538256917294796,
                    -0.14516102488372037,
                    -0.9893407630750986
                ],
                [
                    0.9996345415366871,
                    -0.025864072852236603,
                    -0.00786340271331172
                ],
                [
                    -0.024446921974923944,
                    -0.9890699300808826,
                    0.1454064008761302
                ]
            ],
            "object_pose": [
                0.8030846132595532,
                -0.11323208229379936,
                0.9622185746589669,
                0.07284203522126795,
                0.01261240914267493,
                0.9972518782500072,
                0.0048637811704734125
            ]
        },
        {
            "contact_pose": [
                [
                    -0.032506000250578086,
                    -0.0027424723824342745,
                    0.024158999323844934
                ],
                [
                    0.043343215856692104,
                    0.5334313423659667,
                    -0.8447321283228447
                ],
                [
                    0.9984459835706253,
                    -0.052773393158593196,
                    0.017904939715484645
                ],
                [
                    -0.03502832469426399,
                    -0.8441954583839997,
                    -0.5348897498671497
                ]
            ],
            "object_pose": [
                0.7970624286400654,
                -0.1058044341229362,
                0.9577485884940955,
                -0.278171887896576,
                0.02286201198615133,
                0.960126758594597,
                -0.01594793474505123
            ]
        },
        {
            "contact_pose": [
                [
                    0.037730769654310777,
                    0.036685999482870296,
                    0.00680264763627902
                ],
                [
                    0.0030512742661786274,
                    -0.8257655217449975,
                    -0.564005312760939
                ],
                [
                    -0.0029868990357971303,
                    -0.564012948327091,
                    0.8257605418967005
                ],
                [
                    -0.999990884038201,
                    -0.0008349949666450196,
                    -0.004187436435716563
                ]
            ],
            "object_pose": [
                0.7977811241215654,
                -0.14113702020575222,
                0.9299483356754902,
                0.328699252066619,
                0.6257310158586697,
                0.6248706683570183,
                -0.33159334328417356
            ]
        },
        {
            "contact_pose": [
                [
                    0.036945198974542466,
                    0.03668599948287005,
                    0.0025612410806294906
                ],
                [
                    -0.0018778383342867855,
                    -0.739566081954667,
                    0.6730813354605913
                ],
                [
                    -0.028807195952020956,
                    -0.67276317579829,
                    -0.739296865103039
                ],
                [
                    0.9995832227406442,
                    -0.020777865915969765,
                    -0.020041484560925915
                ]
            ],
            "object_pose": [
                0.7943763296144457,
                -0.12656281139257575,
                0.930182010279646,
                0.6370824659321195,
                -0.28937345877579196,
                0.2823514363799826,
                0.6562519328216455
            ]
        },
        {
            "contact_pose": [
                [
                    0.03713070794222235,
                    0.03668599948287009,
                    0.0026809021007098656
                ],
                [
                    -0.0017361850150410807,
                    -0.765258667112485,
                    0.643720558993432
                ],
                [
                    -0.0434188533527891,
                    -0.6430567824357927,
                    -0.7645866711739453
                ],
                [
                    0.9990554483286314,
                    -0.029277072472303572,
                    -0.03211018829482226
                ]
            ],
            "object_pose": [
                0.7966034219519442,
                -0.13047891488627014,
                0.9300138127602293,
                0.6267026075357313,
                -0.30431119840019594,
                0.2924626728858243,
                0.6550603950817292
            ]
        }
    ]
}