{
    "hook_path": "models/hook/Hook_bar/base.urdf",
    "obj_path": "models/geo_data/mug/150/base.urdf",
    "hook_pose": [
        0.8,
        -0.2,
        1.0,
        4.329780281177466e-17,
        0.7071067811865475,
        0.7071067811865476,
        4.329780281177467e-17
    ],
    "contact_info": [
        {
            "contact_pose": [
                [
                    -0.021733776990208058,
                    -0.03448008590635033,
                    0.022240181253745037
                ],
                [
                    0.013597323492440453,
                    0.32844785138926086,
                    -0.9444242276178751
                ],
                [
                    0.9999023372897686,
                    -0.0014159646108019546,
                    0.013903629982084787
                ],
                [
                    0.0032293461102361745,
                    -0.9445210447427834,
                    -0.3284350276107914
                ]
            ],
            "object_pose": [
                0.8009882145573166,
                -0.12990530796221514,
                0.9611934746261969,
                -0.16655109195762585,
                -0.00045977856711120363,
                0.9860080640707797,
                -0.006972801358486432
            ]
        },
        {
            "contact_pose": [
                [
                    0.04137974628216413,
                    -0.002461550051200277,
                    -0.0069147524356257956
                ],
                [
                    -0.15711402934151636,
                    -0.9874325946850482,
                    -0.01708955053904679
                ],
                [
                    0.10157563969635239,
                    -0.03336992448030873,
                    0.9942679908155827
                ],
                [
                    -0.9823428989942107,
                    0.15447756825420314,
                    0.10554198075608623
                ]
            ],
            "object_pose": [
                0.7970457236959311,
                -0.13794976526517438,
                0.9381232809238388,
                0.5565437218699688,
                0.5172019622683429,
                0.490965279317488,
                -0.4262796152498961
            ]
        },
        {
            "contact_pose": [
                [
                    -0.047104561564026974,
                    0.014287306795035187,
                    -0.0041678302108202475
                ],
                [
                    -8.722195558118112e-05,
                    0.997835058429719,
                    -0.06576616577610345
                ],
                [
                    0.999999938105457,
                    0.0001094497777467799,
                    0.0003343797670268072
                ],
                [
                    0.00034085394659636234,
                    -0.06576613254027946,
                    -0.9978350062155975
                ]
            ],
            "object_pose": [
                0.7979052271688859,
                -0.11904914922350891,
                0.9585091060981631,
                -0.6834595159534093,
                -0.00015421605551129984,
                0.7299883965553562,
                -8.464443154572927e-05
            ]
        }
    ]
}