{
    "hook_path": "models/hook/Hook_bar/base.urdf",
    "obj_path": "models/geo_data/mug/123/base.urdf",
    "hook_pose": [
        0.8,
        -0.2,
        1.0,
        4.329780281177466e-17,
        0.7071067811865475,
        0.7071067811865476,
        4.329780281177467e-17
    ],
    "contact_info": [
        {
            "contact_pose": [
                [
                    0.04180600121617306,
                    0.03909840187029365,
                    -0.0054159997962415565
                ],
                [
                    -1.3077483776990917e-06,
                    -0.6641960579251946,
                    0.747558423559605
                ],
                [
                    5.088884361126311e-05,
                    -0.7475584226364799,
                    -0.6641960570159869
                ],
                [
                    0.9999999987043079,
                    3.717378239076474e-05,
                    3.47777876334443e-05
                ]
            ],
            "object_pose": [
                0.7945919509301685,
                -0.12489783927419529,
                0.9249186601926976,
                0.6609929058215389,
                -0.2512109976589275,
                0.2512246462340109,
                0.6609595980341013
            ]
        },
        {
            "contact_pose": [
                [
                    -0.03689799830317497,
                    -0.013194000348448757,
                    0.010786999948322891
                ],
                [
                    0.010843372473072235,
                    0.999939547425698,
                    -0.001822845989169819
                ],
                [
                    0.9998591780929542,
                    -0.010865814699240924,
                    -0.012788981750080475
                ],
                [
                    -0.012808015329954556,
                    -0.0016839135998538701,
                    -0.9999165561077064
                ]
            ],
            "object_pose": [
                0.8049737400339662,
                -0.12148832297249909,
                0.9642805900128467,
                -0.7064616795170016,
                0.00836292855944778,
                0.7077015503872338,
                0.0006872986486830709
            ]
        },
        {
            "contact_pose": [
                [
                    0.03472886703969855,
                    0.04591320560625042,
                    0.005231999792158597
                ],
                [
                    -1.2694019749459606e-05,
                    -0.7296947133509941,
                    -0.6837730801563282
                ],
                [
                    -3.069225957258448e-05,
                    -0.683773079605062,
                    0.7296947133324968
                ],
                [
                    -0.9999999994484235,
                    3.0249299967033405e-05,
                    -1.3716150574272223e-05
                ]
            ],
            "object_pose": [
                0.7997787104512795,
                -0.12467408073337853,
                0.9246931630500286,
                0.28117008948502425,
                0.6488131513995127,
                0.648789669037044,
                -0.28117048333852424
            ]
        },
        {
            "contact_pose": [
                [
                    0.03440912508820804,
                    0.045885384329934,
                    0.0052319997921586245
                ],
                [
                    0.00015902557439934073,
                    -0.6877479362737763,
                    0.7259495511824691
                ],
                [
                    4.300301148545127e-05,
                    -0.7259495549873338,
                    -0.6877479492986023
                ],
                [
                    0.9999999864308036,
                    0.00014058752956654097,
                    -8.586931256415742e-05
                ]
            ],
            "object_pose": [
                0.7965449352316645,
                -0.1174581111877451,
                0.924776260622478,
                0.6569119312593433,
                -0.2617957378069838,
                0.26170253356599826,
                0.6568420587632572
            ]
        }
    ]
}