{
    "hook_path": "models/hook/Hook_bar/base.urdf",
    "obj_path": "models/geo_data/mug/105/base.urdf",
    "hook_pose": [
        0.8,
        -0.2,
        1.0,
        4.329780281177466e-17,
        0.7071067811865475,
        0.7071067811865476,
        4.329780281177467e-17
    ],
    "contact_info": [
        {
            "contact_pose": [
                [
                    0.03469662579284302,
                    -0.014906379497340838,
                    0.0034449999220669317
                ],
                [
                    -0.0720354991005232,
                    -0.9941108945649744,
                    0.08095934891391268
                ],
                [
                    -0.0555658995942607,
                    0.08504406352700938,
                    0.9948265869291462
                ],
                [
                    -0.9958530602812941,
                    0.067164250654944,
                    -0.061364857714662824
                ]
            ],
            "object_pose": [
                0.809169026951118,
                -0.11746414917563251,
                0.9478638233395964,
                -0.5226274246474719,
                -0.510335870122631,
                -0.4461811573892611,
                0.5170495619022487
            ]
        },
        {
            "contact_pose": [
                [
                    0.037893785706745814,
                    -0.006293476364077599,
                    -0.003087823163399834
                ],
                [
                    0.0031705516022166313,
                    -0.9980284833489939,
                    -0.06268248580460911
                ],
                [
                    -0.03778692905984066,
                    0.06251846313199505,
                    -0.9973282256909408
                ],
                [
                    0.99928078916527,
                    0.005530659248293601,
                    -0.037514213486557535
                ]
            ],
            "object_pose": [
                0.7989036712940555,
                -0.13243170689925715,
                0.9451054455678303,
                -0.4756735341554762,
                0.5258326906233445,
                -0.5048180111427472,
                -0.49233468900914806
            ]
        },
        {
            "contact_pose": [
                [
                    0.03814208427139851,
                    -0.003396429792444899,
                    0.0033777641828677866
                ],
                [
                    0.001959675429297536,
                    -0.9960181228315599,
                    -0.08912944891172042
                ],
                [
                    -0.0285698021482379,
                    0.08903747237686654,
                    -0.9956184484620345
                ],
                [
                    0.9995898789390687,
                    0.004497499731395793,
                    -0.028281556158453236
                ]
            ],
            "object_pose": [
                0.8000524436322081,
                -0.16395705750246403,
                0.9450989234408749,
                -0.47084982974177586,
                0.5296689416020525,
                -0.51382442211131,
                -0.4834622150450647
            ]
        },
        {
            "contact_pose": [
                [
                    0.02913734596258552,
                    -0.02556085692339047,
                    0.003444999922066918
                ],
                [
                    -0.002068965953047952,
                    -0.97975475744879,
                    0.2001907456311298
                ],
                [
                    0.030186833039845207,
                    0.20003874996716559,
                    0.9793228546412048
                ],
                [
                    -0.9995421324240963,
                    0.008069310257783402,
                    0.02916181992012834
                ]
            ],
            "object_pose": [
                0.8110315553970349,
                -0.12541335058838707,
                0.9481103954845328,
                -0.5564276433034124,
                -0.44093415936702174,
                -0.4533008871464218,
                0.5389653519321769
            ]
        }
    ]
}