{
    "hook_path": "models/hook/Hook_bar/base.urdf",
    "obj_path": "models/geo_data/mug/64/base.urdf",
    "hook_pose": [
        0.8,
        -0.2,
        1.0,
        4.329780281177466e-17,
        0.7071067811865475,
        0.7071067811865476,
        4.329780281177467e-17
    ],
    "contact_info": [
        {
            "contact_pose": [
                [
                    -0.0427119992673398,
                    0.04924799874424937,
                    0.00414163421932316
                ],
                [
                    -0.08381918077969079,
                    0.9400983274263148,
                    -0.33043831452128375
                ],
                [
                    0.9964675458260552,
                    0.07735353941875868,
                    -0.032693425253240566
                ],
                [
                    -0.005174461210618403,
                    -0.33201139243953043,
                    -0.943261183470169
                ]
            ],
            "object_pose": [
                0.7971364293455651,
                -0.10612085756198263,
                0.9654789956720654,
                -0.5774984499687512,
                -0.022132421103994597,
                0.8153093358944918,
                0.03572650309011337
            ]
        },
        {
            "contact_pose": [
                [
                    -0.03498876481569777,
                    -0.004512370839139124,
                    0.011879621051746931
                ],
                [
                    -0.10327786535776835,
                    0.9190081591350457,
                    -0.38047034834577725
                ],
                [
                    0.9944351423276976,
                    0.08740545228987878,
                    -0.05881355807714404
                ],
                [
                    -0.02079495686060786,
                    -0.3844272237410043,
                    -0.9229210580629036
                ]
            ],
            "object_pose": [
                0.8005879613743851,
                -0.1083303701401067,
                0.9660137306956241,
                -0.5544225758031766,
                -0.020049827163066955,
                0.8305619655411749,
                0.048789684021136634
            ]
        },
        {
            "contact_pose": [
                [
                    -0.03723850767917911,
                    -0.012414343440185525,
                    0.004760282906761988
                ],
                [
                    -0.088069283013873,
                    0.9933849773938187,
                    0.07368913134041255
                ],
                [
                    0.9954848418206718,
                    0.0851428819359819,
                    0.041959734995677275
                ],
                [
                    0.03540806539044969,
                    0.07705177703283461,
                    -0.996398159653754
                ]
            ],
            "object_pose": [
                0.8039783350919135,
                -0.11582200910596438,
                0.9661265172001348,
                0.7325001280194289,
                0.04437849668406521,
                -0.6791067540246203,
                -0.016974337151314824
            ]
        }
    ]
}