{
    "hook_path": "models/hook/Hook_bar/base.urdf",
    "obj_path": "models/geo_data/mug/159/base.urdf",
    "hook_pose": [
        0.8,
        -0.2,
        1.0,
        4.329780281177466e-17,
        0.7071067811865475,
        0.7071067811865476,
        4.329780281177467e-17
    ],
    "contact_info": [
        {
            "contact_pose": [
                [
                    0.0069550001062452325,
                    -0.0075408973866327705,
                    -0.02043399959802614
                ],
                [
                    -0.036381653003614636,
                    -0.8461578716916727,
                    0.5316890364667525
                ],
                [
                    0.9937965509042209,
                    -0.08658569178342251,
                    -0.06979493813494507
                ],
                [
                    0.1050941993432522,
                    0.5258514753736127,
                    0.8440589050011829
                ]
            ],
            "object_pose": [
                0.801133198982234,
                -0.10943133472847266,
                0.9653435629502424,
                0.8734038388318124,
                -0.009564099573921351,
                0.4838016223267177,
                0.0548657684465438
            ]
        },
        {
            "contact_pose": [
                [
                    0.04450000077486039,
                    0.0021659999620169696,
                    0.008085999637842173
                ],
                [
                    -0.04452904602141727,
                    -0.8434605677660654,
                    -0.53534235278387
                ],
                [
                    -0.031082517866907022,
                    -0.5344447223255319,
                    0.8446317042720092
                ],
                [
                    -0.9985244319211605,
                    0.05425043227599308,
                    -0.002418564531283085
                ]
            ],
            "object_pose": [
                0.81722385290452,
                -0.14317143800151635,
                0.9407264062743482,
                0.3492225513999691,
                0.6365287312696046,
                0.6020816810535282,
                -0.33222346877028575
            ]
        },
        {
            "contact_pose": [
                [
                    0.04413900151848799,
                    0.0021659999620169696,
                    -0.0077979997731745295
                ],
                [
                    0.019390691022713125,
                    -0.7646446270920194,
                    -0.644160380154638
                ],
                [
                    0.16841326349297275,
                    -0.6325774189500913,
                    0.7559648019015743
                ],
                [
                    -0.9855257347128524,
                    -0.12314383173243654,
                    0.11651018378212763
                ]
            ],
            "object_pose": [
                0.8241299017290505,
                -0.14682516137548549,
                0.9432846558643361,
                0.316665853703039,
                0.5815073698864934,
                0.6956503208114058,
                -0.27864412253124304
            ]
        },
        {
            "contact_pose": [
                [
                    0.010226291518549988,
                    0.04985247543966212,
                    -0.0035105310145101317
                ],
                [
                    -0.036937574322859705,
                    -0.8437398573543718,
                    0.5354798490277365
                ],
                [
                    0.9965500725422335,
                    -0.07095223507114008,
                    -0.04305500266495261
                ],
                [
                    0.07432071393099378,
                    0.5320421350325876,
                    0.8434498195095862
                ]
            ],
            "object_pose": [
                0.8004518481599147,
                -0.11601927832856507,
                0.9656976640177433,
                0.8752245507014982,
                -0.001747388238021244,
                0.4819305158635188,
                0.041495907788948745
            ]
        },
        {
            "contact_pose": [
                [
                    0.04302622267454676,
                    0.007015170579201787,
                    0.008085999637842201
                ],
                [
                    0.09479387889872715,
                    -0.9754690293771593,
                    -0.19868138626785373
                ],
                [
                    -0.11348080428492155,
                    0.18769058658524096,
                    -0.9756507319559266
                ],
                [
                    0.989007698444345,
                    0.11503224084260386,
                    -0.09290509127355939
                ]
            ],
            "object_pose": [
                0.8208795029202995,
                -0.11100655690904883,
                0.9409193210748165,
                -0.44801508074221913,
                0.5973262156048776,
                -0.4924856193688117,
                -0.4471485148064521
            ]
        }
    ]
}