{
    "hook_path": "models/hook/Hook_bar/base.urdf",
    "obj_path": "models/geo_data/mug/153/base.urdf",
    "hook_pose": [
        0.8,
        -0.2,
        1.0,
        4.329780281177466e-17,
        0.7071067811865475,
        0.7071067811865476,
        4.329780281177467e-17
    ],
    "contact_info": [
        {
            "contact_pose": [
                [
                    -0.025990006486264507,
                    -0.02647678365411737,
                    0.003974827337439914
                ],
                [
                    -0.08186927105308305,
                    0.996496068263775,
                    0.01711748790198575
                ],
                [
                    0.9965251901277028,
                    0.08158335392240851,
                    0.016783974610233343
                ],
                [
                    0.015328662635166308,
                    0.01843209965274828,
                    -0.9997126036037599
                ]
            ],
            "object_pose": [
                0.8034077732988568,
                -0.12879316808613475,
                0.9648250425835827,
                0.7127543015798706,
                0.03460282366751223,
                -0.70017419307144,
                -0.023238965776980917
            ]
        },
        {
            "contact_pose": [
                [
                    -0.026413998223190262,
                    -0.02028960345951854,
                    -0.00466994206410377
                ],
                [
                    -0.0850528490031875,
                    0.7761838877131972,
                    0.6247436156783579
                ],
                [
                    0.9963757133167293,
                    0.06701466655218802,
                    0.052387712103872455
                ],
                [
                    -0.0012044870361100218,
                    0.6269350898787895,
                    -0.7790705631004511
                ]
            ],
            "object_pose": [
                0.8091928827692454,
                -0.12292170081576452,
                0.9666850772479546,
                0.9011179749169745,
                0.038130568064554254,
                -0.43147914426991185,
                -0.01892625479881907
            ]
        },
        {
            "contact_pose": [
                [
                    -0.032875001430511495,
                    0.048505999147892026,
                    0.00017600000137473357
                ],
                [
                    -0.08103831109574336,
                    0.9850573071942044,
                    -0.15197004204135955
                ],
                [
                    0.996402303767564,
                    0.08386038783449798,
                    0.012242728410739194
                ],
                [
                    0.024804055745806103,
                    -0.150431169960054,
                    -0.9883092744293198
                ]
            ],
            "object_pose": [
                0.7988029247438612,
                -0.11667687247604593,
                0.964462092006928,
                -0.6507689858479256,
                -0.035834928190739274,
                0.7580902841629382,
                0.022687133749829776
            ]
        },
        {
            "contact_pose": [
                [
                    0.026506759888346696,
                    -0.023988565492267667,
                    -0.001702378621674004
                ],
                [
                    0.07591602377362126,
                    -0.9644313269377591,
                    -0.2531974979249914
                ],
                [
                    0.9968785967863638,
                    0.07893029322407151,
                    -0.0017527352373812727
                ],
                [
                    0.021675345525579,
                    -0.25227410575133385,
                    0.9674130219113817
                ]
            ],
            "object_pose": [
                0.8030268493809096,
                -0.12681614082195908,
                0.9648484238724739,
                0.6106158762082015,
                -0.03179935293089229,
                0.7909409270708352,
                -0.02344147520943687
            ]
        }
    ]
}